1 13
1 22
1 64
1 69
1 72
1 78
1 84
1 86
1 102
1 124
1 135
1 139
1 140
1 141
1 150
1 151
1 174
1 177
1 178
1 194
1 195
2 14
2 29
2 31
2 37
2 40
2 41
2 42
2 53
2 54
2 65
2 95
2 96
2 106
2 114
2 137
2 146
2 149
2 150
2 163
2 165
2 172
2 175
2 188
2 192
2 193
2 194
3 14
3 18
3 19
3 21
3 35
3 47
3 51
3 53
3 58
3 60
3 63
3 112
3 115
3 127
3 128
3 129
3 130
3 135
3 144
3 146
3 149
3 154
3 159
3 172
3 175
3 177
3 196
4 10
4 32
4 37
4 44
4 79
4 99
4 128
4 130
4 134
4 143
4 144
4 151
4 170
4 184
5 17
5 25
5 47
5 83
5 85
5 87
5 90
5 98
5 130
5 135
5 151
5 155
5 178
5 186
6 13
6 14
6 20
6 32
6 37
6 59
6 65
6 92
6 102
6 109
6 115
6 145
6 176
6 180
6 186
6 198
7 14
7 25
7 27
7 54
7 82
7 85
7 99
7 109
7 110
7 122
7 126
7 128
7 136
7 140
7 145
7 157
7 172
7 177
7 181
7 186
7 194
8 12
8 16
8 18
8 30
8 36
8 44
8 45
8 47
8 66
8 109
8 119
8 123
8 133
8 141
8 143
8 151
8 176
8 179
8 197
9 11
9 31
9 35
9 58
9 64
9 76
9 88
9 101
9 108
9 123
9 128
9 134
9 142
9 143
9 144
9 158
9 183
9 190
9 192
9 199
10 15
10 36
10 43
10 44
10 68
10 76
10 77
10 79
10 119
10 155
10 165
10 187
10 195
11 12
11 41
11 52
11 54
11 55
11 57
11 62
11 69
11 97
11 101
11 105
11 109
11 115
11 132
11 136
11 138
11 139
11 140
11 146
11 149
11 152
11 154
11 167
11 172
11 174
11 180
11 195
12 35
12 88
12 96
12 101
12 104
12 115
12 127
12 141
12 144
12 147
12 155
12 175
12 192
12 195
13 40
13 49
13 56
13 60
13 71
13 82
13 89
13 94
13 95
13 96
13 98
13 101
13 115
13 133
13 135
13 143
13 145
13 149
13 177
13 178
14 18
14 20
14 21
14 32
14 43
14 50
14 62
14 71
14 95
14 105
14 110
14 115
14 118
14 129
14 144
14 151
14 158
14 183
14 199
14 200
15 17
15 20
15 25
15 38
15 71
15 85
15 93
15 109
15 112
15 117
15 129
15 134
15 158
15 174
15 176
15 185
15 187
15 188
15 197
16 42
16 47
16 64
16 82
16 84
16 111
16 119
16 125
16 134
16 148
16 149
16 151
16 152
16 155
16 188
16 194
16 197
17 19
17 21
17 23
17 26
17 34
17 39
17 40
17 41
17 44
17 51
17 52
17 57
17 65
17 119
17 126
17 131
17 133
17 138
17 179
17 182
17 188
17 189
17 192
17 196
17 198
17 200
18 19
18 33
18 39
18 51
18 69
18 75
18 82
18 84
18 96
18 100
18 130
18 136
18 137
18 143
18 154
18 164
18 170
18 187
18 197
19 20
19 37
19 38
19 58
19 65
19 70
19 73
19 80
19 88
19 94
19 97
19 98
19 99
19 103
19 107
19 129
19 140
19 145
19 148
19 158
19 167
19 168
19 198
20 21
20 34
20 35
20 37
20 43
20 44
20 64
20 71
20 74
20 76
20 85
20 92
20 105
20 117
20 122
20 123
20 130
20 134
20 138
20 144
20 180
20 189
21 23
21 29
21 36
21 43
21 66
21 76
21 79
21 86
21 104
21 110
21 133
21 135
21 141
21 142
21 148
21 154
21 160
21 169
21 173
22 37
22 40
22 51
22 58
22 66
22 68
22 83
22 97
22 147
22 150
22 151
22 169
23 28
23 31
23 50
23 60
23 109
23 126
23 130
23 131
23 153
23 172
23 178
23 179
23 180
23 185
23 198
24 58
24 74
24 107
24 110
24 115
24 116
24 128
24 136
24 137
24 147
24 165
24 166
24 182
24 183
24 194
24 197
25 27
25 29
25 31
25 37
25 53
25 59
25 73
25 98
25 126
25 139
25 154
25 166
25 178
25 186
25 189
25 192
26 36
26 47
26 59
26 74
26 85
26 110
26 113
26 119
26 120
26 130
26 147
26 148
26 149
26 150
26 169
26 172
26 180
27 46
27 52
27 55
27 62
27 66
27 67
27 69
27 83
27 107
27 113
27 117
27 122
27 124
27 134
27 151
27 165
27 168
27 177
27 193
28 45
28 58
28 62
28 77
28 94
28 111
28 118
28 121
28 158
28 171
28 172
28 173
28 180
28 188
28 199
29 52
29 58
29 63
29 82
29 83
29 89
29 92
29 98
29 107
29 115
29 140
29 165
29 181
30 34
30 39
30 53
30 54
30 59
30 63
30 65
30 69
30 74
30 75
30 84
30 119
30 123
30 133
30 138
30 163
30 166
30 178
30 180
30 187
31 34
31 41
31 42
31 50
31 58
31 75
31 84
31 88
31 92
31 93
31 94
31 95
31 105
31 121
31 139
31 153
31 159
31 185
31 193
32 38
32 50
32 64
32 99
32 100
32 113
32 128
32 132
32 161
32 173
32 177
32 197
33 34
33 35
33 77
33 102
33 103
33 112
33 114
33 121
33 124
33 129
33 135
33 143
33 164
33 167
33 169
34 42
34 55
34 60
34 78
34 81
34 108
34 116
34 117
34 131
34 143
34 145
34 149
34 162
34 179
34 191
35 37
35 38
35 44
35 59
35 67
35 69
35 73
35 76
35 80
35 84
35 88
35 92
35 108
35 123
35 126
35 128
35 131
35 136
35 162
35 168
35 187
35 191
35 192
36 44
36 67
36 73
36 110
36 115
36 116
36 117
36 118
36 135
36 139
36 146
36 148
36 150
36 151
36 152
36 155
36 158
36 188
36 198
37 42
37 61
37 74
37 85
37 86
37 108
37 110
37 119
37 128
37 138
37 158
37 160
37 162
37 172
37 184
37 186
37 190
37 199
37 200
38 53
38 71
38 77
38 78
38 86
38 103
38 107
38 112
38 125
38 130
38 134
38 137
38 164
39 47
39 50
39 71
39 106
39 135
39 144
39 151
39 155
39 157
39 160
39 176
39 186
39 191
40 55
40 71
40 76
40 82
40 97
40 99
40 106
40 123
40 131
40 145
40 148
40 153
40 154
40 161
40 166
40 175
40 176
40 180
40 183
41 54
41 68
41 70
41 77
41 81
41 95
41 99
41 100
41 109
41 111
41 124
41 143
41 153
41 162
42 43
42 44
42 53
42 60
42 74
42 77
42 100
42 112
42 117
42 122
42 124
42 148
42 149
42 156
42 171
42 196
42 199
43 45
43 49
43 70
43 85
43 89
43 99
43 133
43 135
43 146
43 173
43 178
43 181
43 192
43 200
44 50
44 64
44 65
44 69
44 71
44 89
44 95
44 98
44 110
44 112
44 115
44 133
44 134
44 169
44 185
44 196
44 199
45 47
45 53
45 54
45 62
45 87
45 106
45 122
45 130
45 134
45 135
45 152
45 169
45 171
45 172
45 194
45 199
46 61
46 70
46 73
46 94
46 119
46 125
46 127
46 155
46 194
46 198
46 200
47 53
47 62
47 63
47 65
47 88
47 93
47 107
47 123
47 127
47 134
47 143
47 146
47 150
47 152
47 178
47 186
48 71
48 74
48 76
48 90
48 102
48 109
48 147
48 160
48 186
48 192
48 195
49 76
49 86
49 101
49 105
49 117
49 142
49 164
49 171
49 192
49 195
50 52
50 57
50 73
50 74
50 90
50 122
50 137
50 140
50 141
50 147
50 153
50 154
50 170
50 173
50 175
50 185
51 58
51 62
51 71
51 72
51 101
51 103
51 105
51 108
51 123
51 133
51 139
51 147
51 156
51 187
51 188
51 199
52 54
52 73
52 75
52 87
52 89
52 92
52 97
52 114
52 115
52 116
52 120
52 127
52 138
52 141
52 143
52 146
52 161
52 176
52 177
52 183
52 186
52 187
53 59
53 104
53 114
53 121
53 125
53 133
53 140
53 141
53 152
53 164
53 167
53 170
53 181
53 191
53 195
54 56
54 74
54 78
54 79
54 109
54 120
54 135
54 148
54 158
54 165
54 166
54 175
54 179
54 196
55 56
55 60
55 61
55 63
55 64
55 76
55 78
55 79
55 106
55 111
55 116
55 124
55 156
55 169
55 170
55 181
55 189
55 191
56 57
56 58
56 59
56 65
56 74
56 79
56 80
56 99
56 100
56 104
56 116
56 122
56 123
56 150
56 151
56 154
56 160
56 167
56 188
56 190
56 196
57 59
57 89
57 91
57 119
57 122
57 136
57 137
57 146
57 149
57 172
58 61
58 66
58 78
58 97
58 99
58 101
58 104
58 108
58 111
58 114
58 115
58 149
58 150
58 152
58 156
58 169
58 170
58 182
58 183
58 186
58 193
59 63
59 88
59 101
59 104
59 109
59 116
59 120
59 145
59 159
59 169
59 179
59 197
60 66
60 73
60 74
60 75
60 95
60 96
60 100
60 108
60 113
60 138
60 143
60 161
60 173
60 185
60 196
61 67
61 78
61 94
61 120
61 141
61 143
61 149
61 156
61 165
61 175
61 179
61 186
61 187
61 189
61 190
61 193
61 196
61 198
62 85
62 90
62 102
62 105
62 112
62 117
62 129
62 143
62 154
62 166
62 167
62 169
62 178
62 180
62 188
62 189
63 65
63 82
63 97
63 102
63 103
63 110
63 120
63 122
63 129
63 164
63 165
63 167
63 189
63 192
63 194
64 85
64 87
64 92
64 93
64 94
64 101
64 103
64 106
64 117
64 118
64 123
64 130
64 135
64 138
64 139
64 144
64 150
64 171
64 186
65 96
65 105
65 108
65 117
65 122
65 133
65 134
65 139
65 149
65 158
65 165
65 172
65 182
65 183
65 186
65 193
65 197
66 80
66 89
66 91
66 101
66 124
66 131
66 158
66 162
66 163
66 173
66 184
66 190
67 93
67 115
67 127
67 133
67 143
67 160
67 166
67 168
67 172
67 184
67 198
68 73
68 107
68 113
68 139
68 143
68 145
68 151
68 156
68 158
68 178
68 198
69 87
69 89
69 91
69 102
69 118
69 120
69 125
69 132
69 183
69 187
69 192
70 72
70 96
70 103
70 120
70 122
70 126
70 133
70 137
70 147
70 155
70 172
70 188
71 82
71 88
71 95
71 96
71 106
71 111
71 114
71 115
71 127
71 151
71 153
71 163
71 167
71 172
71 178
71 199
72 138
72 161
72 170
72 174
72 184
73 85
73 92
73 101
73 125
73 131
73 136
73 150
73 161
73 173
73 184
73 189
73 190
74 90
74 91
74 95
74 99
74 100
74 103
74 105
74 130
74 144
74 145
74 153
74 166
74 187
74 189
74 194
75 88
75 93
75 98
75 122
75 130
75 145
75 148
75 149
75 154
75 163
75 164
75 179
75 185
75 198
76 85
76 109
76 112
76 117
76 119
76 121
76 123
76 125
76 142
76 163
76 172
76 173
76 176
76 183
76 185
76 195
77 82
77 85
77 89
77 110
77 114
77 124
77 128
77 134
77 137
77 140
77 161
77 185
77 189
78 86
78 113
78 114
78 127
78 128
78 135
78 152
78 174
78 191
78 194
79 80
79 85
79 86
79 104
79 106
79 112
79 131
79 140
79 145
79 162
79 177
79 180
79 189
79 190
80 84
80 108
80 109
80 121
80 133
80 137
80 139
80 142
80 148
80 153
80 154
80 156
80 159
80 162
80 166
80 179
80 181
80 192
80 196
81 93
81 95
81 101
81 104
81 144
81 146
81 156
81 172
81 200
82 90
82 93
82 111
82 122
82 138
82 141
82 143
82 145
82 152
82 166
82 169
82 188
82 191
82 192
82 199
83 86
83 94
83 105
83 110
83 119
83 123
83 131
83 137
83 152
83 162
83 169
83 179
84 103
84 179
84 182
84 185
84 200
85 91
85 92
85 102
85 114
85 135
85 155
85 165
85 167
85 175
85 182
85 184
86 106
86 127
86 130
86 151
86 152
86 161
86 176
86 186
87 91
87 94
87 110
87 130
87 141
87 142
87 166
87 171
87 174
87 179
87 190
87 193
87 200
88 90
88 91
88 93
88 99
88 103
88 109
88 122
88 123
88 180
88 189
89 92
89 98
89 104
89 133
89 137
89 143
89 179
89 187
90 100
90 107
90 109
90 129
90 147
90 148
90 150
90 152
90 157
90 164
90 179
91 98
91 99
91 101
91 104
91 105
91 127
91 129
91 142
91 150
91 156
91 164
91 180
91 183
91 184
91 195
92 101
92 109
92 125
92 126
92 155
92 169
92 198
93 101
93 105
93 126
93 148
93 150
93 154
93 163
93 168
93 174
93 190
94 95
94 96
94 108
94 110
94 146
94 156
94 166
94 170
94 198
94 199
95 109
95 115
95 123
95 125
95 129
95 146
95 153
95 171
95 183
95 189
96 102
96 115
96 116
96 122
96 131
96 133
96 135
96 136
96 140
96 141
96 150
96 159
96 174
96 199
96 200
97 102
97 104
97 111
97 112
97 125
97 138
97 150
97 153
97 166
97 170
97 172
97 176
97 187
97 192
97 194
97 196
98 101
98 115
98 125
98 127
98 152
98 176
98 180
98 195
99 100
99 129
99 143
99 157
99 161
99 165
99 168
99 174
99 181
99 189
100 125
100 146
100 150
100 156
100 178
100 185
101 114
101 123
101 124
101 128
101 162
101 170
101 199
102 126
102 173
102 179
102 181
102 190
102 199
103 126
103 128
103 137
103 154
103 166
103 169
103 172
103 177
104 105
104 117
104 136
104 138
104 139
104 143
104 149
104 167
104 184
105 116
105 122
105 125
105 131
105 141
105 146
105 148
105 174
105 189
106 113
106 118
106 128
106 146
106 147
106 176
106 178
106 183
106 187
106 191
106 194
107 116
107 133
107 134
107 135
107 141
107 142
107 177
107 179
107 196
107 197
107 200
108 119
108 123
108 137
108 144
108 152
108 159
108 165
108 181
109 112
109 122
109 143
109 160
109 163
109 165
109 175
110 123
110 126
110 129
110 139
110 144
110 153
110 159
110 162
110 170
110 176
110 181
110 192
110 197
111 115
111 122
111 123
111 125
111 129
111 154
111 159
111 162
111 163
111 174
111 179
111 200
112 125
112 147
112 169
112 185
112 187
112 198
113 123
113 130
113 162
113 163
113 167
113 174
113 177
113 182
113 185
113 193
114 136
114 137
114 141
114 152
114 169
114 172
114 184
114 191
114 192
115 126
115 128
115 139
115 140
115 144
115 156
115 164
115 181
115 190
115 195
115 198
116 132
116 148
116 153
116 154
116 157
116 159
116 164
116 190
116 191
116 195
117 141
117 146
117 186
117 195
117 197
117 198
118 123
118 126
118 130
118 132
118 149
118 152
118 169
118 186
119 128
119 145
119 151
119 173
119 176
119 198
120 130
120 131
120 139
120 146
120 148
120 149
120 154
120 162
120 190
120 194
121 126
121 142
121 151
121 152
121 158
121 168
121 172
121 184
121 188
121 191
122 189
122 199
123 132
123 145
123 149
123 154
123 160
123 163
123 180
124 132
124 135
124 141
124 144
124 147
124 152
124 153
124 186
124 188
125 139
125 140
125 143
125 147
125 150
125 160
125 170
125 199
126 138
126 141
126 152
126 161
126 162
126 172
126 174
126 189
127 140
127 155
127 175
127 176
127 178
127 180
127 183
127 193
127 195
127 198
127 200
128 138
128 155
128 161
128 166
129 156
129 169
129 190
130 135
130 143
130 144
130 150
130 152
130 153
130 166
130 169
130 188
130 189
130 195
131 135
131 137
131 147
131 153
131 157
131 185
131 194
131 200
132 139
132 159
132 163
132 166
132 169
132 184
132 191
133 137
133 167
133 173
133 182
133 184
134 139
134 149
134 164
134 165
134 190
134 199
135 144
135 146
135 160
135 163
136 142
136 153
136 176
136 187
136 193
137 139
137 140
137 148
137 161
137 169
137 177
137 179
137 187
137 200
138 179
138 185
138 196
139 160
139 161
139 163
139 169
139 174
139 195
140 148
140 163
140 173
140 184
140 198
140 200
141 158
141 160
141 184
141 200
142 149
142 157
142 164
142 182
142 183
142 185
142 190
143 167
143 171
143 172
143 182
143 185
143 194
144 146
144 148
144 158
144 163
144 167
144 172
144 174
144 181
144 192
144 194
144 198
145 150
145 156
145 161
145 167
145 183
145 186
145 194
145 198
146 152
146 156
146 158
146 161
146 167
146 185
146 199
147 150
147 152
147 155
147 158
147 177
147 188
148 169
148 175
148 178
148 179
148 187
148 197
148 199
149 153
149 154
149 161
149 176
149 181
149 197
149 198
150 154
150 161
150 162
150 167
150 169
150 174
150 188
150 194
150 196
150 197
150 198
150 200
151 169
151 196
152 157
152 160
152 174
152 177
152 180
152 185
152 193
152 195
153 159
153 163
153 167
153 172
153 194
154 158
154 163
154 170
155 163
155 173
155 187
155 190
155 199
156 163
156 172
156 182
156 185
156 192
156 199
157 178
158 162
158 166
158 170
158 172
158 173
158 181
158 184
158 195
158 200
159 160
159 178
159 183
159 188
159 191
160 163
160 169
160 170
160 171
160 185
160 190
161 176
162 171
163 166
163 171
163 172
163 182
164 171
164 183
164 184
164 195
165 166
165 169
165 178
165 190
165 192
166 174
166 182
166 190
167 172
167 180
167 186
167 199
167 200
168 179
168 188
168 192
168 196
169 185
169 190
171 195
172 173
172 184
174 179
174 180
174 182
174 190
174 198
175 176
175 184
176 195
177 183
177 196
178 191
178 192
178 193
179 182
179 187
181 189
181 190
181 193
181 200
182 191
182 193
183 184
183 185
183 189
183 192
183 196
185 196
185 197
186 189
186 198
186 199
186 200
187 196
188 198
189 200
191 197
193 195
194 200
196 197
197 200
198 200
199 200
