1 4
1 5
1 7
1 8
1 12
1 15
1 17
1 24
1 29
1 30
1 32
1 34
1 42
1 44
1 46
1 47
1 50
1 51
1 52
1 53
1 56
1 58
1 59
1 60
1 63
1 69
1 74
1 75
1 76
1 80
1 91
1 98
1 99
1 100
1 102
1 103
1 105
1 106
1 110
1 111
1 112
1 114
1 115
1 117
1 120
1 124
1 125
1 129
1 130
1 131
1 133
1 135
1 136
1 139
1 140
1 141
1 144
1 145
1 148
1 149
1 150
1 151
1 152
1 153
1 154
1 155
1 156
1 157
1 161
1 164
1 166
1 167
1 169
1 170
1 173
1 176
1 177
1 178
1 180
1 184
1 185
1 188
1 189
1 193
1 194
1 195
1 198
2 3
2 7
2 8
2 11
2 13
2 14
2 17
2 22
2 23
2 27
2 28
2 29
2 30
2 33
2 34
2 35
2 36
2 39
2 44
2 47
2 52
2 53
2 55
2 59
2 60
2 62
2 64
2 65
2 69
2 70
2 73
2 74
2 76
2 77
2 79
2 82
2 83
2 85
2 86
2 90
2 92
2 93
2 94
2 96
2 98
2 99
2 100
2 102
2 103
2 104
2 108
2 109
2 114
2 117
2 123
2 129
2 132
2 134
2 138
2 139
2 140
2 142
2 145
2 148
2 149
2 152
2 154
2 155
2 166
2 172
2 175
2 186
2 187
2 190
2 191
2 195
2 197
2 199
3 4
3 5
3 8
3 10
3 12
3 14
3 15
3 18
3 21
3 22
3 24
3 28
3 31
3 37
3 42
3 43
3 46
3 47
3 48
3 58
3 61
3 62
3 69
3 71
3 73
3 74
3 77
3 82
3 83
3 84
3 86
3 87
3 90
3 97
3 100
3 103
3 106
3 108
3 112
3 113
3 116
3 118
3 121
3 122
3 130
3 131
3 132
3 133
3 135
3 138
3 139
3 141
3 143
3 146
3 147
3 148
3 151
3 152
3 154
3 156
3 157
3 158
3 163
3 164
3 165
3 169
3 173
3 176
3 181
3 185
3 186
3 187
3 196
4 7
4 9
4 10
4 11
4 12
4 14
4 19
4 22
4 25
4 27
4 33
4 36
4 40
4 41
4 43
4 44
4 45
4 46
4 47
4 48
4 50
4 57
4 58
4 61
4 62
4 67
4 70
4 72
4 73
4 74
4 80
4 81
4 84
4 87
4 94
4 95
4 96
4 100
4 104
4 106
4 107
4 108
4 111
4 112
4 114
4 115
4 117
4 120
4 121
4 124
4 125
4 126
4 127
4 135
4 141
4 142
4 143
4 144
4 145
4 146
4 148
4 150
4 152
4 157
4 160
4 161
4 162
4 165
4 166
4 172
4 176
4 179
4 181
4 182
4 183
4 188
4 190
4 196
4 200
5 6
5 7
5 8
5 9
5 12
5 21
5 22
5 24
5 26
5 31
5 33
5 35
5 36
5 39
5 40
5 44
5 45
5 49
5 54
5 58
5 64
5 65
5 66
5 69
5 71
5 75
5 79
5 83
5 89
5 91
5 95
5 100
5 101
5 103
5 108
5 113
5 114
5 115
5 116
5 118
5 123
5 124
5 126
5 127
5 132
5 135
5 144
5 149
5 154
5 155
5 156
5 159
5 160
5 162
5 164
5 167
5 168
5 169
5 172
5 173
5 174
5 184
5 185
5 186
5 190
5 192
5 194
5 196
5 197
5 200
6 11
6 12
6 17
6 21
6 24
6 26
6 31
6 33
6 34
6 38
6 42
6 45
6 48
6 49
6 50
6 52
6 56
6 57
6 59
6 62
6 64
6 65
6 67
6 71
6 72
6 73
6 74
6 77
6 78
6 79
6 81
6 82
6 84
6 86
6 87
6 89
6 91
6 94
6 96
6 100
6 103
6 104
6 106
6 110
6 113
6 114
6 115
6 117
6 121
6 122
6 127
6 128
6 130
6 137
6 144
6 148
6 154
6 156
6 159
6 163
6 164
6 169
6 170
6 171
6 172
6 174
6 176
6 181
6 182
6 183
6 188
6 191
6 193
6 196
6 199
7 11
7 12
7 13
7 15
7 21
7 29
7 31
7 34
7 35
7 37
7 40
7 41
7 42
7 45
7 46
7 47
7 48
7 54
7 55
7 57
7 60
7 61
7 66
7 69
7 72
7 82
7 84
7 89
7 90
7 100
7 102
7 103
7 106
7 108
7 109
7 110
7 112
7 113
7 114
7 116
7 123
7 128
7 129
7 131
7 132
7 135
7 140
7 142
7 144
7 148
7 150
7 152
7 153
7 155
7 157
7 158
7 163
7 165
7 166
7 167
7 170
7 171
7 172
7 174
7 175
7 178
7 183
7 184
7 186
7 187
7 188
7 189
7 191
7 194
7 198
8 9
8 11
8 17
8 20
8 23
8 26
8 27
8 29
8 31
8 32
8 33
8 35
8 37
8 39
8 43
8 45
8 46
8 49
8 50
8 52
8 53
8 55
8 56
8 57
8 58
8 60
8 62
8 64
8 66
8 68
8 70
8 73
8 74
8 75
8 77
8 80
8 81
8 83
8 85
8 86
8 88
8 90
8 92
8 93
8 96
8 97
8 99
8 100
8 107
8 114
8 115
8 116
8 117
8 118
8 119
8 125
8 126
8 127
8 128
8 129
8 134
8 135
8 136
8 141
8 143
8 145
8 146
8 148
8 150
8 152
8 153
8 155
8 156
8 157
8 162
8 163
8 166
8 167
8 168
8 172
8 173
8 174
8 176
8 177
8 179
8 181
8 182
8 186
8 187
8 191
8 193
8 195
8 200
9 10
9 11
9 13
9 14
9 17
9 18
9 19
9 25
9 37
9 40
9 45
9 46
9 47
9 48
9 50
9 52
9 54
9 56
9 59
9 61
9 64
9 68
9 71
9 73
9 78
9 81
9 83
9 86
9 92
9 93
9 94
9 95
9 99
9 100
9 108
9 109
9 110
9 112
9 114
9 115
9 116
9 117
9 118
9 120
9 122
9 124
9 126
9 128
9 130
9 131
9 136
9 137
9 144
9 145
9 147
9 148
9 150
9 152
9 153
9 155
9 159
9 166
9 174
9 179
9 183
9 186
9 189
9 191
9 196
9 200
10 11
10 12
10 13
10 14
10 16
10 18
10 20
10 23
10 24
10 25
10 26
10 28
10 34
10 38
10 41
10 42
10 44
10 46
10 47
10 52
10 53
10 57
10 64
10 67
10 68
10 71
10 73
10 75
10 76
10 78
10 80
10 81
10 82
10 85
10 86
10 89
10 92
10 95
10 97
10 98
10 100
10 101
10 105
10 106
10 110
10 115
10 117
10 118
10 121
10 124
10 129
10 130
10 131
10 134
10 135
10 137
10 140
10 142
10 143
10 144
10 150
10 152
10 154
10 155
10 156
10 158
10 160
10 161
10 162
10 165
10 167
10 169
10 176
10 179
10 180
10 187
10 189
10 191
10 194
10 196
10 197
10 200
11 17
11 18
11 21
11 22
11 23
11 24
11 27
11 29
11 30
11 34
11 36
11 39
11 45
11 46
11 49
11 53
11 56
11 58
11 68
11 70
11 72
11 73
11 74
11 75
11 78
11 82
11 86
11 87
11 89
11 90
11 91
11 92
11 93
11 94
11 95
11 101
11 104
11 105
11 106
11 109
11 110
11 113
11 118
11 120
11 121
11 122
11 127
11 129
11 130
11 131
11 132
11 133
11 136
11 138
11 139
11 142
11 145
11 146
11 147
11 148
11 151
11 152
11 155
11 157
11 159
11 160
11 163
11 165
11 166
11 167
11 168
11 170
11 171
11 174
11 177
11 179
11 183
11 184
11 186
11 189
11 191
11 192
11 195
11 198
12 14
12 16
12 17
12 24
12 27
12 30
12 33
12 36
12 39
12 41
12 42
12 47
12 48
12 54
12 56
12 57
12 58
12 59
12 60
12 62
12 68
12 70
12 72
12 76
12 79
12 80
12 81
12 86
12 89
12 91
12 92
12 97
12 98
12 99
12 102
12 104
12 105
12 107
12 108
12 109
12 110
12 111
12 113
12 116
12 129
12 132
12 133
12 134
12 140
12 144
12 153
12 154
12 160
12 161
12 162
12 163
12 165
12 166
12 171
12 172
12 179
12 181
12 182
12 183
12 184
12 185
12 189
12 196
12 199
13 15
13 19
13 20
13 21
13 25
13 26
13 33
13 35
13 36
13 37
13 39
13 41
13 42
13 43
13 46
13 51
13 52
13 54
13 61
13 62
13 63
13 64
13 65
13 72
13 73
13 75
13 77
13 78
13 79
13 84
13 86
13 89
13 91
13 93
13 95
13 97
13 99
13 108
13 111
13 120
13 121
13 127
13 129
13 131
13 133
13 134
13 135
13 143
13 145
13 147
13 148
13 149
13 153
13 157
13 160
13 163
13 170
13 176
13 184
13 187
13 188
14 22
14 23
14 28
14 29
14 30
14 31
14 32
14 33
14 34
14 36
14 38
14 39
14 43
14 45
14 46
14 49
14 51
14 52
14 56
14 57
14 60
14 62
14 65
14 68
14 70
14 71
14 73
14 76
14 81
14 84
14 87
14 88
14 90
14 91
14 93
14 95
14 98
14 99
14 106
14 112
14 113
14 114
14 115
14 123
14 127
14 129
14 134
14 139
14 141
14 142
14 144
14 146
14 147
14 149
14 151
14 153
14 154
14 155
14 156
14 161
14 166
14 167
14 168
14 169
14 171
14 172
14 173
14 174
14 176
14 178
14 180
14 181
14 183
14 185
14 189
14 192
14 199
14 200
15 16
15 17
15 18
15 19
15 23
15 27
15 28
15 29
15 30
15 33
15 35
15 37
15 40
15 41
15 42
15 44
15 46
15 48
15 49
15 51
15 57
15 63
15 64
15 66
15 67
15 68
15 71
15 75
15 77
15 89
15 92
15 95
15 97
15 100
15 104
15 106
15 108
15 111
15 112
15 113
15 116
15 118
15 120
15 126
15 128
15 130
15 131
15 132
15 134
15 135
15 144
15 145
15 146
15 148
15 151
15 153
15 155
15 160
15 161
15 164
15 167
15 169
15 170
15 174
15 177
15 182
15 183
15 184
15 185
15 186
15 187
15 189
15 192
15 194
15 197
16 17
16 18
16 21
16 22
16 23
16 27
16 28
16 32
16 34
16 35
16 36
16 37
16 43
16 47
16 48
16 49
16 50
16 53
16 57
16 58
16 60
16 63
16 65
16 66
16 72
16 73
16 75
16 78
16 79
16 80
16 81
16 82
16 86
16 89
16 91
16 92
16 93
16 94
16 95
16 99
16 101
16 103
16 104
16 108
16 110
16 111
16 112
16 114
16 119
16 122
16 127
16 129
16 132
16 135
16 136
16 138
16 139
16 141
16 144
16 147
16 148
16 149
16 151
16 154
16 155
16 156
16 157
16 158
16 162
16 164
16 166
16 168
16 170
16 171
16 174
16 182
16 186
16 187
16 191
16 194
16 196
16 199
16 200
17 18
17 21
17 27
17 31
17 32
17 33
17 35
17 38
17 39
17 40
17 44
17 48
17 53
17 63
17 65
17 66
17 67
17 68
17 71
17 73
17 75
17 79
17 82
17 85
17 86
17 87
17 88
17 89
17 95
17 96
17 97
17 98
17 101
17 104
17 105
17 110
17 111
17 112
17 114
17 116
17 117
17 118
17 122
17 124
17 126
17 127
17 129
17 130
17 131
17 132
17 135
17 140
17 141
17 144
17 145
17 146
17 154
17 156
17 158
17 161
17 164
17 165
17 166
17 168
17 170
17 171
17 172
17 173
17 175
17 176
17 177
17 179
17 182
17 184
17 185
17 186
17 191
17 192
17 193
17 195
17 197
17 198
17 199
17 200
18 20
18 21
18 22
18 24
18 25
18 27
18 29
18 30
18 32
18 34
18 36
18 37
18 39
18 42
18 44
18 54
18 56
18 57
18 62
18 63
18 65
18 71
18 74
18 75
18 77
18 79
18 80
18 82
18 84
18 91
18 92
18 93
18 97
18 100
18 105
18 106
18 109
18 110
18 111
18 112
18 113
18 120
18 126
18 136
18 137
18 140
18 142
18 143
18 149
18 152
18 155
18 160
18 163
18 165
18 168
18 169
18 171
18 185
18 189
18 190
18 191
18 194
18 198
18 200
19 22
19 23
19 27
19 34
19 38
19 42
19 44
19 46
19 47
19 50
19 52
19 55
19 56
19 63
19 67
19 71
19 72
19 73
19 74
19 85
19 88
19 89
19 91
19 92
19 93
19 101
19 102
19 103
19 106
19 110
19 113
19 114
19 115
19 117
19 120
19 121
19 122
19 127
19 128
19 129
19 140
19 141
19 143
19 151
19 159
19 160
19 164
19 165
19 166
19 167
19 174
19 179
19 180
19 181
19 182
19 185
19 188
19 192
19 194
19 195
19 198
19 200
20 21
20 22
20 23
20 26
20 28
20 31
20 32
20 33
20 35
20 36
20 38
20 39
20 40
20 41
20 43
20 46
20 48
20 50
20 51
20 54
20 56
20 57
20 58
20 59
20 61
20 65
20 66
20 68
20 80
20 81
20 82
20 83
20 84
20 87
20 88
20 93
20 98
20 99
20 102
20 109
20 111
20 112
20 113
20 115
20 118
20 119
20 120
20 121
20 125
20 132
20 135
20 142
20 143
20 144
20 145
20 148
20 150
20 152
20 154
20 155
20 156
20 160
20 165
20 167
20 171
20 172
20 175
20 176
20 177
20 181
20 182
20 183
20 184
20 188
20 192
20 197
20 198
21 24
21 28
21 29
21 30
21 33
21 37
21 38
21 39
21 41
21 43
21 44
21 45
21 47
21 52
21 54
21 58
21 59
21 62
21 68
21 73
21 74
21 79
21 80
21 81
21 93
21 94
21 98
21 101
21 104
21 106
21 110
21 112
21 113
21 114
21 122
21 124
21 126
21 138
21 140
21 143
21 147
21 148
21 149
21 154
21 155
21 157
21 159
21 162
21 167
21 173
21 177
21 178
21 179
21 181
21 182
21 183
21 184
21 188
21 190
21 191
21 194
21 197
22 23
22 24
22 26
22 28
22 30
22 32
22 33
22 35
22 36
22 42
22 43
22 45
22 46
22 47
22 51
22 52
22 54
22 58
22 62
22 66
22 67
22 68
22 69
22 70
22 71
22 76
22 81
22 82
22 84
22 85
22 88
22 89
22 91
22 97
22 98
22 100
22 101
22 102
22 105
22 106
22 107
22 109
22 111
22 113
22 119
22 121
22 122
22 123
22 127
22 128
22 129
22 130
22 135
22 136
22 142
22 147
22 150
22 151
22 163
22 166
22 167
22 168
22 170
22 173
22 174
22 177
22 178
22 182
22 183
22 185
22 187
22 189
22 191
22 194
22 198
22 199
23 25
23 26
23 27
23 28
23 29
23 30
23 35
23 37
23 39
23 41
23 47
23 48
23 52
23 54
23 57
23 60
23 61
23 62
23 63
23 67
23 69
23 72
23 75
23 78
23 79
23 80
23 81
23 84
23 86
23 87
23 90
23 93
23 94
23 95
23 96
23 99
23 100
23 101
23 105
23 106
23 107
23 108
23 109
23 111
23 113
23 114
23 117
23 118
23 120
23 121
23 123
23 124
23 127
23 129
23 130
23 132
23 134
23 147
23 150
23 151
23 153
23 155
23 156
23 160
23 161
23 165
23 166
23 170
23 174
23 176
23 179
23 185
23 189
23 190
23 191
23 195
23 196
23 197
24 25
24 27
24 28
24 31
24 32
24 38
24 40
24 43
24 44
24 51
24 52
24 56
24 61
24 68
24 69
24 70
24 72
24 75
24 76
24 81
24 83
24 85
24 87
24 89
24 93
24 94
24 99
24 100
24 103
24 108
24 109
24 114
24 115
24 116
24 125
24 128
24 129
24 130
24 134
24 135
24 136
24 141
24 149
24 152
24 154
24 156
24 157
24 159
24 161
24 162
24 163
24 170
24 171
24 173
24 175
24 178
24 180
24 184
24 189
24 191
24 193
24 196
24 197
24 200
25 27
25 29
25 30
25 32
25 34
25 35
25 36
25 42
25 46
25 49
25 50
25 51
25 52
25 53
25 55
25 58
25 63
25 74
25 79
25 81
25 84
25 85
25 86
25 91
25 96
25 97
25 98
25 99
25 100
25 102
25 105
25 108
25 110
25 114
25 116
25 118
25 121
25 122
25 123
25 124
25 125
25 126
25 131
25 133
25 135
25 138
25 141
25 143
25 145
25 146
25 147
25 148
25 150
25 152
25 155
25 157
25 158
25 160
25 161
25 166
25 167
25 169
25 171
25 172
25 175
25 176
25 183
25 186
25 190
25 193
25 195
25 196
25 198
25 200
26 27
26 28
26 30
26 31
26 34
26 35
26 36
26 39
26 41
26 43
26 44
26 46
26 48
26 54
26 55
26 58
26 62
26 63
26 64
26 70
26 75
26 77
26 78
26 80
26 91
26 92
26 94
26 97
26 98
26 103
26 106
26 107
26 108
26 110
26 111
26 112
26 113
26 115
26 116
26 117
26 120
26 121
26 124
26 125
26 126
26 127
26 130
26 138
26 139
26 144
26 146
26 147
26 149
26 152
26 154
26 155
26 157
26 161
26 163
26 165
26 166
26 168
26 169
26 173
26 175
26 184
26 185
26 187
26 190
26 192
27 31
27 49
27 51
27 52
27 56
27 58
27 59
27 60
27 61
27 63
27 68
27 70
27 71
27 75
27 87
27 88
27 91
27 95
27 100
27 101
27 103
27 104
27 108
27 109
27 111
27 112
27 113
27 126
27 138
27 140
27 143
27 145
27 147
27 151
27 152
27 153
27 156
27 159
27 160
27 164
27 165
27 166
27 168
27 169
27 170
27 171
27 172
27 173
27 174
27 175
27 180
27 182
27 183
27 184
27 193
27 196
27 200
28 29
28 33
28 39
28 40
28 41
28 44
28 45
28 48
28 51
28 55
28 56
28 58
28 59
28 61
28 63
28 65
28 66
28 68
28 74
28 75
28 78
28 89
28 90
28 91
28 92
28 93
28 94
28 95
28 96
28 98
28 101
28 102
28 105
28 108
28 109
28 110
28 111
28 113
28 117
28 119
28 121
28 123
28 124
28 126
28 130
28 132
28 134
28 138
28 139
28 140
28 142
28 143
28 145
28 149
28 151
28 152
28 153
28 156
28 157
28 163
28 168
28 173
28 174
28 176
28 179
28 180
28 182
28 185
28 187
28 188
28 192
28 193
28 196
28 197
28 199
29 30
29 33
29 34
29 38
29 40
29 42
29 51
29 53
29 54
29 57
29 60
29 61
29 65
29 66
29 68
29 69
29 71
29 72
29 75
29 76
29 77
29 78
29 81
29 86
29 87
29 91
29 93
29 94
29 96
29 97
29 100
29 101
29 102
29 104
29 108
29 110
29 113
29 116
29 122
29 124
29 127
29 129
29 132
29 133
29 136
29 139
29 146
29 149
29 151
29 153
29 159
29 160
29 161
29 162
29 163
29 165
29 168
29 171
29 175
29 180
29 183
29 188
29 189
29 190
29 195
29 196
29 198
29 200
30 31
30 34
30 36
30 40
30 41
30 45
30 46
30 47
30 53
30 58
30 59
30 60
30 64
30 66
30 70
30 81
30 85
30 86
30 87
30 89
30 90
30 92
30 93
30 94
30 96
30 99
30 101
30 102
30 104
30 105
30 107
30 121
30 125
30 129
30 130
30 132
30 133
30 134
30 135
30 138
30 139
30 140
30 141
30 144
30 146
30 147
30 148
30 149
30 159
30 160
30 161
30 164
30 166
30 168
30 169
30 170
30 174
30 175
30 179
30 181
30 182
30 184
30 186
30 188
30 192
30 194
30 200
31 34
31 35
31 39
31 41
31 43
31 44
31 48
31 55
31 57
31 61
31 68
31 69
31 75
31 78
31 85
31 86
31 88
31 93
31 94
31 97
31 105
31 106
31 111
31 113
31 115
31 119
31 121
31 123
31 124
31 125
31 131
31 132
31 134
31 135
31 137
31 141
31 144
31 145
31 146
31 147
31 150
31 152
31 154
31 155
31 161
31 166
31 167
31 168
31 170
31 172
31 173
31 178
31 179
31 182
31 187
31 193
31 194
31 196
31 200
32 33
32 34
32 35
32 37
32 38
32 39
32 47
32 59
32 63
32 64
32 65
32 66
32 67
32 69
32 70
32 71
32 77
32 86
32 90
32 94
32 96
32 97
32 102
32 103
32 105
32 113
32 115
32 120
32 124
32 127
32 129
32 130
32 131
32 134
32 143
32 144
32 147
32 148
32 154
32 155
32 157
32 158
32 159
32 162
32 163
32 168
32 170
32 172
32 175
32 178
32 180
32 181
32 182
32 187
32 193
32 195
32 197
32 198
32 199
33 35
33 36
33 38
33 43
33 44
33 51
33 55
33 56
33 59
33 60
33 61
33 66
33 69
33 70
33 71
33 73
33 75
33 77
33 78
33 81
33 82
33 86
33 87
33 88
33 91
33 94
33 100
33 104
33 107
33 108
33 109
33 116
33 118
33 120
33 121
33 126
33 129
33 131
33 132
33 134
33 135
33 137
33 138
33 142
33 144
33 145
33 146
33 147
33 149
33 155
33 160
33 167
33 170
33 171
33 174
33 177
33 178
33 180
33 182
33 187
33 190
33 191
33 195
33 196
33 198
34 39
34 42
34 43
34 46
34 47
34 48
34 49
34 56
34 58
34 60
34 61
34 64
34 66
34 67
34 77
34 78
34 82
34 93
34 94
34 97
34 98
34 100
34 105
34 113
34 114
34 115
34 117
34 118
34 119
34 122
34 128
34 130
34 132
34 135
34 138
34 141
34 142
34 143
34 150
34 151
34 153
34 155
34 156
34 164
34 168
34 170
34 171
34 173
34 177
34 183
34 188
34 193
34 197
34 198
34 200
35 36
35 39
35 41
35 42
35 44
35 45
35 46
35 53
35 54
35 56
35 60
35 61
35 67
35 72
35 73
35 75
35 78
35 83
35 86
35 88
35 93
35 94
35 96
35 101
35 103
35 104
35 105
35 107
35 110
35 111
35 112
35 113
35 114
35 116
35 117
35 119
35 120
35 121
35 123
35 124
35 127
35 131
35 133
35 136
35 139
35 141
35 143
35 145
35 146
35 149
35 156
35 158
35 159
35 163
35 164
35 175
35 177
35 180
35 181
35 182
35 188
35 189
35 193
35 194
35 195
35 196
35 198
35 199
35 200
36 38
36 40
36 50
36 52
36 53
36 57
36 60
36 66
36 68
36 69
36 73
36 74
36 75
36 77
36 79
36 83
36 86
36 101
36 104
36 106
36 110
36 111
36 115
36 118
36 119
36 120
36 121
36 123
36 124
36 131
36 133
36 136
36 137
36 138
36 141
36 142
36 146
36 147
36 148
36 152
36 155
36 157
36 163
36 165
36 169
36 171
36 174
36 175
36 178
36 179
36 181
36 187
36 188
36 190
36 192
36 193
36 194
36 196
36 198
37 38
37 42
37 49
37 53
37 54
37 55
37 56
37 58
37 59
37 60
37 63
37 65
37 66
37 69
37 70
37 72
37 73
37 76
37 79
37 83
37 84
37 85
37 86
37 87
37 89
37 90
37 91
37 94
37 96
37 100
37 102
37 103
37 108
37 109
37 110
37 111
37 114
37 118
37 120
37 121
37 123
37 125
37 126
37 129
37 131
37 133
37 134
37 135
37 136
37 137
37 139
37 141
37 144
37 151
37 153
37 155
37 156
37 159
37 161
37 162
37 165
37 170
37 174
37 176
37 180
37 183
37 184
37 186
37 189
37 191
37 192
37 193
37 196
37 198
37 200
38 44
38 48
38 56
38 57
38 59
38 62
38 65
38 69
38 72
38 77
38 81
38 84
38 86
38 89
38 93
38 94
38 97
38 100
38 103
38 104
38 105
38 107
38 110
38 111
38 116
38 117
38 118
38 119
38 120
38 121
38 122
38 126
38 127
38 128
38 129
38 134
38 135
38 149
38 153
38 155
38 157
38 158
38 160
38 161
38 162
38 164
38 166
38 169
38 170
38 171
38 172
38 179
38 181
38 182
38 197
38 199
39 40
39 42
39 43
39 48
39 49
39 51
39 57
39 59
39 61
39 64
39 69
39 72
39 75
39 76
39 78
39 79
39 83
39 84
39 85
39 87
39 90
39 92
39 94
39 96
39 97
39 98
39 99
39 104
39 105
39 107
39 108
39 118
39 119
39 121
39 130
39 131
39 134
39 136
39 137
39 138
39 139
39 142
39 143
39 144
39 147
39 150
39 151
39 152
39 154
39 158
39 159
39 165
39 168
39 170
39 172
39 175
39 177
39 178
39 182
39 184
39 185
39 186
39 188
39 189
39 193
39 194
39 195
39 197
39 200
40 45
40 52
40 53
40 58
40 59
40 61
40 63
40 68
40 70
40 71
40 72
40 77
40 80
40 87
40 95
40 98
40 99
40 102
40 108
40 110
40 113
40 114
40 115
40 116
40 118
40 122
40 124
40 125
40 129
40 131
40 139
40 142
40 148
40 150
40 152
40 159
40 160
40 162
40 163
40 168
40 171
40 172
40 173
40 174
40 178
40 179
40 181
40 186
40 188
40 189
40 192
40 196
40 197
40 198
41 42
41 47
41 51
41 52
41 53
41 57
41 62
41 68
41 70
41 73
41 75
41 76
41 78
41 79
41 95
41 98
41 99
41 101
41 103
41 105
41 111
41 116
41 119
41 123
41 131
41 135
41 138
41 142
41 145
41 149
41 153
41 154
41 164
41 166
41 169
41 170
41 173
41 174
41 178
41 181
41 182
41 185
41 187
41 188
41 189
41 191
41 192
41 194
41 200
42 45
42 48
42 51
42 54
42 59
42 60
42 62
42 63
42 64
42 68
42 73
42 75
42 76
42 77
42 78
42 79
42 81
42 83
42 90
42 93
42 94
42 97
42 100
42 105
42 106
42 110
42 111
42 112
42 115
42 116
42 124
42 125
42 126
42 131
42 132
42 133
42 139
42 140
42 142
42 144
42 149
42 150
42 153
42 154
42 156
42 161
42 163
42 164
42 165
42 168
42 171
42 172
42 173
42 174
42 175
42 176
42 178
42 180
42 181
42 182
42 186
42 190
42 192
42 194
42 195
42 196
42 200
43 45
43 48
43 49
43 50
43 51
43 54
43 55
43 58
43 62
43 67
43 79
43 81
43 82
43 84
43 89
43 95
43 96
43 97
43 109
43 112
43 116
43 117
43 120
43 121
43 122
43 124
43 126
43 127
43 131
43 133
43 135
43 138
43 139
43 140
43 141
43 142
43 145
43 149
43 150
43 154
43 155
43 157
43 160
43 162
43 163
43 164
43 165
43 167
43 168
43 170
43 172
43 173
43 175
43 179
43 181
43 182
43 185
43 186
43 190
43 191
43 194
43 195
43 198
43 200
44 45
44 48
44 49
44 51
44 52
44 54
44 56
44 59
44 60
44 63
44 66
44 67
44 72
44 74
44 75
44 76
44 77
44 83
44 85
44 87
44 91
44 93
44 94
44 96
44 106
44 109
44 110
44 111
44 114
44 115
44 123
44 124
44 126
44 128
44 130
44 133
44 134
44 136
44 137
44 139
44 141
44 143
44 152
44 153
44 154
44 158
44 160
44 162
44 167
44 168
44 170
44 171
44 172
44 174
44 175
44 179
44 181
44 182
44 188
44 189
44 190
44 196
44 198
44 200
45 46
45 48
45 52
45 53
45 54
45 56
45 57
45 58
45 61
45 62
45 66
45 67
45 69
45 71
45 77
45 79
45 89
45 90
45 91
45 97
45 98
45 99
45 107
45 109
45 113
45 116
45 117
45 118
45 122
45 128
45 130
45 131
45 133
45 134
45 136
45 137
45 139
45 143
45 148
45 149
45 150
45 151
45 152
45 155
45 156
45 157
45 160
45 161
45 163
45 165
45 166
45 167
45 168
45 172
45 173
45 179
45 184
45 186
45 189
45 190
45 191
45 192
45 193
45 194
45 195
45 198
45 199
46 47
46 49
46 51
46 52
46 54
46 55
46 56
46 57
46 58
46 61
46 62
46 64
46 75
46 77
46 84
46 91
46 102
46 104
46 112
46 113
46 114
46 115
46 120
46 122
46 127
46 128
46 130
46 131
46 135
46 136
46 137
46 139
46 144
46 145
46 146
46 149
46 155
46 158
46 159
46 160
46 164
46 167
46 168
46 169
46 170
46 172
46 174
46 177
46 178
46 180
46 182
46 183
46 189
46 191
47 50
47 52
47 55
47 59
47 60
47 61
47 64
47 65
47 69
47 70
47 73
47 82
47 89
47 93
47 95
47 100
47 101
47 103
47 112
47 115
47 118
47 119
47 122
47 123
47 127
47 129
47 135
47 138
47 142
47 143
47 145
47 147
47 148
47 151
47 152
47 154
47 165
47 166
47 167
47 169
47 179
47 181
47 187
47 188
47 190
47 193
48 49
48 50
48 51
48 52
48 56
48 59
48 60
48 63
48 64
48 69
48 71
48 74
48 82
48 83
48 88
48 91
48 93
48 95
48 96
48 99
48 100
48 103
48 105
48 107
48 108
48 112
48 114
48 116
48 120
48 123
48 130
48 131
48 132
48 133
48 135
48 136
48 137
48 139
48 141
48 145
48 146
48 149
48 152
48 153
48 154
48 155
48 156
48 158
48 160
48 161
48 163
48 168
48 170
48 175
48 178
48 179
48 180
48 185
48 186
48 187
48 188
48 192
48 198
48 199
49 50
49 52
49 53
49 55
49 56
49 59
49 60
49 61
49 65
49 66
49 67
49 68
49 69
49 72
49 73
49 75
49 80
49 82
49 83
49 87
49 88
49 89
49 90
49 92
49 94
49 97
49 98
49 101
49 102
49 103
49 104
49 108
49 112
49 113
49 120
49 121
49 123
49 125
49 129
49 132
49 133
49 138
49 139
49 143
49 148
49 152
49 153
49 158
49 160
49 161
49 162
49 164
49 166
49 167
49 168
49 174
49 179
49 182
49 184
49 188
49 191
49 194
49 195
49 200
50 53
50 57
50 61
50 63
50 64
50 67
50 72
50 78
50 85
50 89
50 92
50 95
50 96
50 100
50 102
50 104
50 106
50 108
50 110
50 111
50 115
50 116
50 119
50 121
50 124
50 126
50 127
50 128
50 129
50 135
50 142
50 143
50 146
50 147
50 152
50 156
50 157
50 159
50 161
50 167
50 170
50 171
50 175
50 177
50 184
50 188
50 189
50 195
50 199
51 53
51 54
51 56
51 57
51 58
51 60
51 62
51 64
51 66
51 68
51 70
51 72
51 73
51 74
51 75
51 76
51 78
51 79
51 80
51 81
51 83
51 84
51 94
51 95
51 96
51 99
51 100
51 101
51 102
51 103
51 104
51 105
51 108
51 109
51 112
51 114
51 115
51 116
51 118
51 119
51 120
51 122
51 123
51 125
51 131
51 133
51 135
51 138
51 140
51 141
51 143
51 144
51 145
51 148
51 155
51 159
51 160
51 165
51 168
51 170
51 171
51 174
51 175
51 182
51 184
51 187
51 189
51 200
52 54
52 59
52 61
52 63
52 64
52 66
52 68
52 71
52 78
52 79
52 80
52 87
52 89
52 90
52 91
52 94
52 95
52 97
52 100
52 102
52 104
52 105
52 108
52 109
52 110
52 112
52 114
52 118
52 119
52 120
52 121
52 127
52 133
52 136
52 138
52 139
52 146
52 150
52 151
52 152
52 153
52 154
52 155
52 168
52 169
52 170
52 173
52 174
52 175
52 176
52 177
52 179
52 181
52 186
52 189
52 191
52 192
52 194
52 196
52 197
52 198
52 199
53 55
53 60
53 61
53 62
53 69
53 71
53 75
53 78
53 80
53 81
53 82
53 84
53 85
53 87
53 89
53 92
53 93
53 97
53 98
53 102
53 104
53 106
53 110
53 111
53 116
53 119
53 124
53 127
53 136
53 140
53 149
53 153
53 156
53 157
53 159
53 160
53 162
53 163
53 164
53 166
53 168
53 172
53 177
53 178
53 182
53 183
53 184
53 191
53 192
53 195
53 196
53 197
53 199
54 58
54 61
54 63
54 64
54 66
54 67
54 68
54 69
54 70
54 71
54 74
54 75
54 77
54 79
54 81
54 87
54 88
54 92
54 93
54 94
54 101
54 106
54 107
54 110
54 112
54 115
54 117
54 120
54 121
54 123
54 124
54 127
54 128
54 130
54 131
54 132
54 134
54 135
54 139
54 143
54 145
54 146
54 149
54 150
54 153
54 155
54 156
54 157
54 158
54 159
54 161
54 163
54 167
54 169
54 170
54 171
54 174
54 183
54 185
54 186
54 188
54 190
54 193
54 194
54 195
54 198
55 57
55 58
55 59
55 67
55 68
55 70
55 71
55 72
55 74
55 77
55 78
55 79
55 81
55 85
55 87
55 88
55 91
55 94
55 99
55 100
55 104
55 106
55 107
55 110
55 111
55 113
55 114
55 117
55 118
55 119
55 121
55 122
55 123
55 125
55 128
55 131
55 134
55 139
55 140
55 146
55 154
55 155
55 157
55 161
55 164
55 170
55 174
55 176
55 180
55 182
55 185
55 190
55 194
55 199
55 200
56 59
56 60
56 61
56 62
56 67
56 68
56 69
56 75
56 77
56 78
56 79
56 80
56 83
56 84
56 86
56 88
56 93
56 94
56 95
56 97
56 98
56 101
56 102
56 104
56 108
56 110
56 112
56 114
56 117
56 119
56 120
56 125
56 128
56 129
56 132
56 135
56 137
56 138
56 144
56 148
56 149
56 150
56 152
56 154
56 159
56 161
56 165
56 168
56 169
56 170
56 172
56 177
56 178
56 186
56 190
56 192
56 194
56 199
57 58
57 59
57 63
57 64
57 66
57 68
57 69
57 72
57 75
57 77
57 78
57 83
57 84
57 87
57 89
57 90
57 92
57 93
57 94
57 96
57 98
57 101
57 103
57 106
57 107
57 108
57 112
57 114
57 116
57 117
57 119
57 122
57 123
57 125
57 134
57 141
57 147
57 149
57 152
57 154
57 155
57 157
57 158
57 161
57 164
57 166
57 167
57 169
57 171
57 174
57 176
57 177
57 179
57 186
57 190
57 193
57 194
57 200
58 60
58 63
58 64
58 67
58 68
58 70
58 71
58 72
58 74
58 75
58 80
58 83
58 86
58 87
58 88
58 89
58 90
58 96
58 102
58 104
58 105
58 106
58 107
58 109
58 111
58 112
58 113
58 117
58 119
58 121
58 125
58 126
58 132
58 134
58 142
58 144
58 145
58 146
58 150
58 152
58 153
58 156
58 161
58 162
58 164
58 165
58 166
58 172
58 178
58 180
58 182
58 185
58 189
58 192
58 195
58 196
58 197
58 198
58 199
58 200
59 64
59 67
59 69
59 72
59 74
59 76
59 77
59 78
59 79
59 80
59 87
59 89
59 92
59 93
59 94
59 95
59 96
59 98
59 103
59 104
59 111
59 118
59 128
59 129
59 130
59 131
59 132
59 133
59 139
59 140
59 143
59 147
59 154
59 158
59 162
59 164
59 171
59 174
59 180
59 181
59 182
59 183
59 184
59 185
59 186
59 187
59 189
59 190
59 193
59 194
59 195
59 196
60 61
60 63
60 66
60 67
60 68
60 73
60 78
60 79
60 90
60 92
60 94
60 98
60 104
60 109
60 112
60 115
60 117
60 122
60 123
60 124
60 126
60 127
60 133
60 138
60 140
60 143
60 147
60 148
60 149
60 150
60 151
60 154
60 155
60 156
60 158
60 160
60 161
60 162
60 163
60 164
60 165
60 166
60 167
60 170
60 171
60 172
60 175
60 176
60 180
60 182
60 183
60 184
60 190
60 191
60 192
60 194
60 195
60 196
60 198
60 200
61 64
61 65
61 76
61 77
61 78
61 81
61 83
61 84
61 87
61 88
61 91
61 93
61 94
61 96
61 98
61 105
61 112
61 115
61 117
61 118
61 119
61 120
61 130
61 133
61 137
61 138
61 139
61 146
61 147
61 150
61 151
61 153
61 156
61 157
61 158
61 159
61 162
61 163
61 164
61 165
61 167
61 170
61 172
61 177
61 182
61 184
61 186
61 187
61 192
61 193
61 195
61 196
61 197
61 199
61 200
62 64
62 65
62 67
62 73
62 74
62 75
62 77
62 78
62 83
62 86
62 95
62 97
62 102
62 103
62 104
62 108
62 109
62 111
62 112
62 113
62 114
62 116
62 118
62 119
62 120
62 121
62 122
62 124
62 131
62 134
62 137
62 140
62 142
62 145
62 148
62 149
62 152
62 153
62 154
62 155
62 156
62 158
62 160
62 162
62 164
62 167
62 173
62 175
62 176
62 177
62 179
62 182
62 183
62 185
62 186
62 187
62 192
63 64
63 65
63 66
63 67
63 71
63 76
63 79
63 87
63 93
63 95
63 96
63 99
63 107
63 112
63 114
63 115
63 116
63 121
63 123
63 129
63 132
63 134
63 139
63 141
63 145
63 148
63 152
63 154
63 155
63 158
63 159
63 161
63 162
63 165
63 167
63 171
63 172
63 173
63 174
63 177
63 180
63 184
63 193
63 197
63 200
64 66
64 72
64 73
64 75
64 76
64 78
64 79
64 80
64 81
64 82
64 83
64 84
64 88
64 90
64 93
64 94
64 96
64 106
64 114
64 115
64 116
64 117
64 122
64 123
64 125
64 126
64 127
64 129
64 130
64 131
64 132
64 133
64 139
64 141
64 145
64 149
64 150
64 153
64 154
64 157
64 162
64 164
64 168
64 171
64 172
64 173
64 174
64 178
64 179
64 180
64 184
64 199
64 200
65 66
65 73
65 76
65 78
65 81
65 84
65 85
65 87
65 88
65 89
65 91
65 95
65 98
65 102
65 103
65 104
65 105
65 108
65 112
65 116
65 117
65 124
65 127
65 131
65 132
65 134
65 135
65 138
65 143
65 144
65 147
65 152
65 155
65 160
65 162
65 165
65 167
65 168
65 169
65 170
65 174
65 178
65 180
65 181
65 185
65 186
65 188
65 196
65 198
65 200
66 67
66 69
66 71
66 72
66 73
66 76
66 82
66 83
66 84
66 85
66 86
66 88
66 89
66 92
66 93
66 97
66 98
66 104
66 105
66 107
66 109
66 114
66 117
66 118
66 120
66 123
66 124
66 125
66 127
66 129
66 135
66 136
66 140
66 142
66 145
66 148
66 149
66 151
66 154
66 169
66 174
66 178
66 180
66 184
66 185
66 186
66 187
66 188
66 189
66 195
66 196
66 197
66 199
67 70
67 71
67 73
67 77
67 79
67 87
67 88
67 89
67 91
67 95
67 97
67 98
67 102
67 106
67 107
67 108
67 112
67 113
67 114
67 118
67 119
67 122
67 126
67 133
67 134
67 135
67 136
67 137
67 142
67 148
67 149
67 150
67 151
67 161
67 163
67 164
67 165
67 167
67 172
67 175
67 177
67 179
67 180
67 182
67 183
67 184
67 190
67 191
68 69
68 71
68 74
68 75
68 80
68 81
68 82
68 84
68 89
68 90
68 92
68 94
68 95
68 98
68 100
68 104
68 106
68 108
68 111
68 118
68 119
68 123
68 124
68 126
68 128
68 129
68 134
68 137
68 138
68 139
68 140
68 141
68 143
68 144
68 150
68 151
68 153
68 159
68 160
68 161
68 164
68 170
68 172
68 173
68 176
68 180
68 184
68 185
68 186
68 188
68 190
68 191
68 193
68 196
69 71
69 72
69 73
69 75
69 76
69 77
69 79
69 80
69 84
69 87
69 90
69 95
69 99
69 100
69 102
69 106
69 113
69 117
69 118
69 119
69 120
69 121
69 122
69 124
69 127
69 134
69 135
69 138
69 140
69 141
69 144
69 147
69 150
69 151
69 152
69 155
69 164
69 165
69 166
69 169
69 173
69 174
69 175
69 179
69 184
69 185
69 186
69 187
69 189
69 195
69 197
69 198
69 199
70 71
70 72
70 73
70 83
70 85
70 88
70 90
70 94
70 95
70 99
70 100
70 101
70 103
70 104
70 107
70 108
70 115
70 120
70 126
70 131
70 132
70 134
70 139
70 141
70 142
70 143
70 144
70 145
70 146
70 151
70 156
70 157
70 159
70 161
70 164
70 165
70 167
70 169
70 173
70 176
70 180
70 181
70 182
70 183
70 187
70 189
70 191
70 193
70 195
70 196
71 73
71 74
71 75
71 76
71 78
71 79
71 82
71 83
71 84
71 85
71 86
71 87
71 88
71 95
71 96
71 102
71 103
71 104
71 110
71 111
71 117
71 120
71 123
71 125
71 127
71 128
71 133
71 137
71 138
71 139
71 141
71 144
71 145
71 147
71 148
71 149
71 151
71 152
71 154
71 158
71 163
71 166
71 169
71 170
71 172
71 174
71 176
71 179
71 180
71 183
71 188
71 189
71 190
71 192
71 195
71 196
71 198
72 73
72 75
72 76
72 77
72 79
72 80
72 82
72 83
72 86
72 89
72 92
72 93
72 95
72 97
72 104
72 107
72 109
72 110
72 111
72 113
72 115
72 116
72 117
72 118
72 123
72 125
72 127
72 133
72 136
72 137
72 142
72 145
72 146
72 147
72 148
72 150
72 159
72 161
72 165
72 168
72 173
72 176
72 177
72 178
72 181
72 184
72 187
72 192
72 193
72 195
72 196
72 199
72 200
73 74
73 75
73 76
73 77
73 79
73 81
73 83
73 84
73 86
73 90
73 93
73 100
73 104
73 111
73 113
73 118
73 120
73 121
73 124
73 125
73 131
73 132
73 133
73 136
73 137
73 139
73 140
73 143
73 144
73 146
73 149
73 151
73 155
73 158
73 160
73 169
73 173
73 174
73 177
73 188
73 191
73 192
73 193
73 196
73 197
73 198
73 200
74 78
74 79
74 80
74 81
74 84
74 85
74 86
74 87
74 89
74 90
74 94
74 95
74 98
74 100
74 105
74 107
74 112
74 113
74 114
74 115
74 117
74 120
74 121
74 126
74 128
74 130
74 131
74 132
74 135
74 137
74 138
74 140
74 142
74 145
74 148
74 158
74 161
74 162
74 163
74 164
74 165
74 168
74 170
74 171
74 172
74 174
74 180
74 181
74 188
74 189
74 190
74 191
74 192
74 193
74 200
75 77
75 79
75 83
75 84
75 86
75 88
75 89
75 93
75 94
75 98
75 99
75 103
75 104
75 106
75 107
75 108
75 109
75 111
75 117
75 124
75 130
75 131
75 133
75 136
75 139
75 146
75 147
75 148
75 150
75 155
75 156
75 158
75 160
75 161
75 163
75 166
75 170
75 171
75 172
75 173
75 177
75 179
75 180
75 183
75 188
75 193
75 196
75 197
76 77
76 80
76 82
76 84
76 87
76 88
76 91
76 92
76 94
76 96
76 99
76 102
76 106
76 107
76 110
76 113
76 114
76 117
76 119
76 120
76 123
76 124
76 127
76 133
76 138
76 141
76 143
76 144
76 145
76 147
76 150
76 151
76 152
76 153
76 154
76 156
76 157
76 161
76 163
76 164
76 169
76 171
76 182
76 183
76 184
76 186
76 190
76 194
76 197
76 199
76 200
77 78
77 82
77 85
77 86
77 93
77 95
77 98
77 107
77 109
77 112
77 116
77 119
77 120
77 124
77 126
77 128
77 129
77 133
77 135
77 136
77 139
77 143
77 145
77 146
77 148
77 150
77 151
77 153
77 155
77 156
77 161
77 162
77 163
77 166
77 169
77 170
77 171
77 174
77 177
77 184
77 190
77 193
77 194
77 196
77 197
78 86
78 87
78 92
78 97
78 100
78 101
78 102
78 104
78 105
78 106
78 108
78 111
78 114
78 115
78 116
78 120
78 121
78 124
78 129
78 130
78 132
78 136
78 138
78 139
78 141
78 143
78 150
78 151
78 152
78 155
78 156
78 166
78 170
78 171
78 172
78 175
78 178
78 179
78 183
78 186
78 189
78 190
78 193
78 195
79 80
79 89
79 90
79 91
79 92
79 96
79 97
79 98
79 103
79 105
79 107
79 111
79 113
79 117
79 123
79 124
79 127
79 130
79 131
79 135
79 137
79 141
79 142
79 144
79 145
79 148
79 150
79 156
79 158
79 164
79 167
79 170
79 171
79 174
79 177
79 178
79 184
79 186
79 187
79 190
79 195
80 81
80 85
80 87
80 90
80 91
80 93
80 102
80 105
80 106
80 109
80 112
80 113
80 116
80 124
80 126
80 131
80 133
80 135
80 136
80 137
80 140
80 145
80 146
80 147
80 155
80 156
80 157
80 160
80 161
80 164
80 171
80 172
80 173
80 174
80 178
80 181
80 182
80 190
80 194
80 195
80 200
81 83
81 85
81 87
81 88
81 90
81 92
81 97
81 109
81 110
81 115
81 118
81 121
81 123
81 125
81 127
81 128
81 130
81 137
81 140
81 141
81 142
81 143
81 145
81 147
81 149
81 151
81 153
81 158
81 159
81 160
81 164
81 166
81 169
81 170
81 173
81 175
81 178
81 179
81 180
81 181
81 182
81 184
81 186
81 190
81 191
81 195
81 197
81 198
81 199
82 83
82 89
82 90
82 91
82 94
82 97
82 99
82 100
82 101
82 103
82 105
82 109
82 116
82 121
82 122
82 128
82 132
82 133
82 134
82 135
82 136
82 137
82 140
82 145
82 157
82 160
82 161
82 169
82 170
82 174
82 178
82 182
82 184
82 186
82 188
82 189
82 190
82 192
82 194
82 195
82 200
83 85
83 90
83 91
83 92
83 95
83 96
83 98
83 100
83 102
83 103
83 105
83 107
83 108
83 110
83 114
83 117
83 120
83 121
83 122
83 126
83 129
83 132
83 133
83 135
83 136
83 137
83 140
83 143
83 146
83 147
83 148
83 153
83 157
83 158
83 161
83 162
83 163
83 165
83 173
83 178
83 180
83 184
83 185
83 186
83 189
83 192
83 195
83 199
83 200
84 85
84 86
84 87
84 88
84 89
84 90
84 91
84 95
84 97
84 98
84 101
84 102
84 103
84 104
84 108
84 115
84 117
84 119
84 123
84 126
84 127
84 134
84 138
84 140
84 141
84 142
84 144
84 146
84 148
84 152
84 153
84 154
84 155
84 158
84 161
84 167
84 168
84 169
84 170
84 171
84 173
84 179
84 180
84 183
84 184
84 188
84 194
84 200
85 86
85 87
85 90
85 92
85 93
85 94
85 96
85 97
85 98
85 99
85 100
85 101
85 102
85 103
85 105
85 106
85 109
85 116
85 122
85 123
85 124
85 126
85 127
85 128
85 129
85 130
85 131
85 132
85 133
85 134
85 135
85 137
85 139
85 143
85 148
85 149
85 151
85 152
85 154
85 155
85 156
85 157
85 158
85 161
85 162
85 164
85 167
85 173
85 175
85 177
85 186
85 187
85 189
85 193
85 194
85 196
85 197
85 200
86 91
86 93
86 95
86 97
86 98
86 101
86 102
86 108
86 109
86 113
86 114
86 116
86 121
86 122
86 123
86 124
86 127
86 131
86 133
86 135
86 137
86 140
86 141
86 144
86 145
86 154
86 156
86 158
86 163
86 167
86 168
86 169
86 174
86 176
86 177
86 178
86 183
86 186
86 190
86 197
86 198
86 199
86 200
87 92
87 96
87 97
87 104
87 105
87 108
87 110
87 112
87 115
87 116
87 118
87 120
87 124
87 125
87 126
87 128
87 129
87 137
87 142
87 143
87 144
87 146
87 149
87 150
87 157
87 160
87 162
87 163
87 165
87 169
87 170
87 171
87 173
87 176
87 177
87 178
87 180
87 181
87 182
87 186
87 187
87 190
87 193
87 196
87 197
87 200
88 89
88 91
88 95
88 97
88 102
88 103
88 104
88 106
88 109
88 116
88 122
88 124
88 126
88 127
88 133
88 134
88 138
88 139
88 142
88 144
88 146
88 148
88 150
88 151
88 152
88 160
88 161
88 162
88 163
88 165
88 167
88 170
88 173
88 174
88 176
88 179
88 180
88 181
88 183
88 192
88 193
88 194
88 196
89 90
89 92
89 98
89 101
89 105
89 106
89 109
89 110
89 113
89 114
89 117
89 122
89 124
89 129
89 139
89 140
89 141
89 145
89 146
89 147
89 148
89 149
89 151
89 152
89 153
89 155
89 156
89 157
89 159
89 161
89 166
89 172
89 174
89 175
89 176
89 177
89 178
89 180
89 184
89 185
89 186
89 187
89 190
89 191
89 193
89 197
89 200
90 91
90 93
90 96
90 98
90 101
90 103
90 104
90 106
90 111
90 112
90 117
90 120
90 121
90 122
90 123
90 126
90 128
90 129
90 132
90 136
90 137
90 139
90 140
90 142
90 143
90 148
90 150
90 152
90 154
90 162
90 163
90 164
90 166
90 175
90 177
90 180
90 181
90 184
90 185
90 188
90 189
90 192
90 194
90 198
91 92
91 98
91 100
91 102
91 106
91 107
91 111
91 113
91 114
91 116
91 124
91 128
91 130
91 131
91 132
91 134
91 137
91 138
91 139
91 140
91 141
91 142
91 147
91 148
91 149
91 150
91 152
91 153
91 155
91 160
91 167
91 168
91 169
91 175
91 177
91 187
91 189
91 192
91 194
91 195
91 196
91 198
91 199
92 93
92 95
92 96
92 98
92 100
92 102
92 104
92 106
92 111
92 114
92 115
92 116
92 122
92 124
92 125
92 127
92 129
92 130
92 133
92 137
92 138
92 142
92 146
92 149
92 155
92 165
92 166
92 172
92 175
92 177
92 178
92 182
92 192
92 193
92 195
92 196
92 197
92 199
92 200
93 96
93 97
93 108
93 109
93 110
93 112
93 115
93 118
93 119
93 120
93 121
93 122
93 124
93 125
93 130
93 131
93 134
93 138
93 143
93 144
93 145
93 147
93 148
93 150
93 151
93 152
93 160
93 163
93 164
93 170
93 173
93 174
93 175
93 179
93 180
93 189
93 192
93 195
93 196
93 197
93 198
93 200
94 98
94 99
94 104
94 115
94 117
94 118
94 122
94 125
94 126
94 127
94 128
94 129
94 133
94 134
94 135
94 138
94 140
94 141
94 142
94 143
94 144
94 145
94 147
94 151
94 157
94 160
94 164
94 165
94 167
94 170
94 171
94 175
94 176
94 179
94 180
94 181
94 183
94 185
94 186
94 189
94 190
94 194
94 195
94 198
94 200
95 100
95 102
95 103
95 104
95 107
95 109
95 111
95 112
95 116
95 118
95 125
95 128
95 131
95 133
95 135
95 149
95 151
95 154
95 158
95 161
95 162
95 164
95 165
95 168
95 169
95 172
95 174
95 176
95 179
95 181
95 184
95 186
95 187
95 191
95 192
95 199
96 101
96 102
96 107
96 111
96 113
96 114
96 115
96 118
96 125
96 128
96 129
96 134
96 140
96 145
96 148
96 150
96 152
96 156
96 159
96 166
96 167
96 170
96 175
96 179
96 182
96 183
96 185
96 187
96 188
96 192
96 193
96 196
96 200
97 100
97 101
97 105
97 110
97 114
97 117
97 118
97 126
97 127
97 129
97 132
97 134
97 136
97 137
97 142
97 144
97 146
97 147
97 151
97 155
97 156
97 157
97 163
97 165
97 166
97 168
97 170
97 171
97 173
97 174
97 177
97 181
97 182
97 183
97 187
97 190
97 191
97 195
97 196
97 199
97 200
98 100
98 101
98 106
98 107
98 109
98 110
98 111
98 112
98 113
98 116
98 117
98 118
98 123
98 124
98 127
98 128
98 129
98 130
98 131
98 133
98 134
98 137
98 138
98 139
98 142
98 144
98 146
98 153
98 155
98 157
98 158
98 159
98 160
98 164
98 166
98 169
98 174
98 176
98 178
98 179
98 183
98 186
98 187
98 188
98 190
98 193
98 194
99 103
99 104
99 107
99 110
99 112
99 113
99 115
99 116
99 117
99 121
99 125
99 126
99 127
99 129
99 130
99 133
99 145
99 149
99 150
99 154
99 156
99 157
99 158
99 159
99 162
99 164
99 167
99 169
99 170
99 174
99 178
99 180
99 182
99 184
99 189
99 191
99 196
99 197
99 198
99 200
100 102
100 104
100 113
100 117
100 120
100 127
100 128
100 132
100 134
100 139
100 140
100 144
100 145
100 147
100 149
100 150
100 152
100 153
100 154
100 157
100 158
100 160
100 161
100 163
100 165
100 166
100 174
100 178
100 180
100 184
100 187
100 188
100 194
100 195
101 102
101 104
101 106
101 107
101 114
101 115
101 116
101 118
101 120
101 122
101 125
101 130
101 133
101 134
101 140
101 141
101 144
101 147
101 148
101 151
101 152
101 153
101 157
101 158
101 159
101 160
101 162
101 167
101 172
101 176
101 177
101 181
101 184
101 187
101 189
101 192
101 193
101 194
101 195
101 197
101 198
101 200
102 103
102 105
102 115
102 116
102 119
102 120
102 121
102 123
102 124
102 126
102 129
102 130
102 132
102 135
102 140
102 143
102 145
102 146
102 148
102 150
102 151
102 152
102 157
102 166
102 169
102 171
102 172
102 173
102 174
102 175
102 177
102 181
102 182
102 184
102 185
102 186
102 189
102 190
102 193
102 194
102 197
102 198
102 199
103 104
103 109
103 111
103 112
103 114
103 117
103 118
103 119
103 120
103 121
103 122
103 125
103 126
103 129
103 134
103 136
103 137
103 141
103 143
103 144
103 146
103 147
103 148
103 149
103 152
103 153
103 156
103 157
103 164
103 165
103 166
103 170
103 171
103 172
103 173
103 175
103 177
103 178
103 180
103 181
103 188
103 189
103 191
103 193
103 197
103 200
104 105
104 107
104 108
104 110
104 117
104 122
104 124
104 127
104 133
104 134
104 135
104 137
104 139
104 141
104 142
104 143
104 144
104 145
104 146
104 148
104 149
104 150
104 151
104 154
104 156
104 157
104 158
104 159
104 160
104 162
104 164
104 167
104 175
104 176
104 178
104 179
104 180
104 181
104 187
104 190
104 191
104 194
104 200
105 107
105 108
105 109
105 112
105 113
105 119
105 120
105 123
105 127
105 130
105 131
105 135
105 144
105 145
105 146
105 149
105 150
105 157
105 160
105 161
105 163
105 164
105 165
105 168
105 170
105 172
105 174
105 175
105 178
105 179
105 182
105 184
105 185
105 189
105 190
105 193
105 197
105 200
106 110
106 111
106 113
106 120
106 121
106 125
106 127
106 129
106 131
106 132
106 133
106 135
106 136
106 138
106 139
106 145
106 147
106 149
106 151
106 152
106 154
106 155
106 157
106 158
106 159
106 161
106 168
106 173
106 175
106 179
106 181
106 182
106 183
106 189
106 192
106 195
106 196
107 110
107 121
107 127
107 129
107 132
107 135
107 136
107 138
107 142
107 145
107 146
107 150
107 152
107 153
107 156
107 157
107 158
107 160
107 163
107 165
107 166
107 167
107 170
107 178
107 180
107 181
107 182
107 183
107 188
107 190
107 193
107 195
107 196
107 197
107 198
107 199
107 200
108 122
108 125
108 126
108 127
108 128
108 132
108 133
108 134
108 135
108 137
108 138
108 139
108 143
108 144
108 146
108 148
108 155
108 156
108 157
108 164
108 173
108 174
108 175
108 178
108 179
108 182
108 185
108 187
108 188
108 189
108 192
108 193
108 199
108 200
109 113
109 114
109 125
109 127
109 134
109 135
109 137
109 142
109 147
109 148
109 150
109 153
109 159
109 160
109 163
109 164
109 165
109 167
109 169
109 172
109 174
109 175
109 176
109 177
109 179
109 180
109 182
109 188
109 190
109 193
109 194
109 195
110 111
110 112
110 115
110 122
110 126
110 133
110 137
110 138
110 143
110 146
110 148
110 156
110 157
110 159
110 162
110 163
110 164
110 165
110 168
110 174
110 175
110 182
110 184
110 191
110 194
110 195
110 197
111 112
111 113
111 114
111 115
111 116
111 120
111 121
111 124
111 126
111 128
111 129
111 131
111 132
111 134
111 140
111 141
111 144
111 146
111 147
111 148
111 149
111 151
111 153
111 154
111 155
111 157
111 158
111 161
111 163
111 166
111 168
111 169
111 170
111 171
111 172
111 180
111 183
111 188
111 190
111 191
111 195
111 197
112 113
112 114
112 118
112 121
112 130
112 135
112 137
112 140
112 145
112 149
112 157
112 158
112 161
112 165
112 168
112 175
112 176
112 177
112 178
112 182
112 183
112 184
112 185
112 186
112 191
112 192
112 194
112 197
113 114
113 115
113 118
113 126
113 127
113 128
113 132
113 135
113 136
113 139
113 141
113 144
113 149
113 150
113 152
113 153
113 154
113 156
113 157
113 161
113 162
113 163
113 168
113 169
113 171
113 172
113 174
113 178
113 180
113 184
113 186
113 191
113 194
113 195
113 196
114 117
114 120
114 121
114 122
114 123
114 125
114 129
114 133
114 136
114 138
114 140
114 141
114 143
114 144
114 147
114 151
114 153
114 156
114 157
114 162
114 163
114 164
114 165
114 168
114 169
114 171
114 175
114 177
114 179
114 180
114 182
114 183
114 184
114 185
114 186
114 191
114 192
114 193
114 194
114 200
115 116
115 118
115 119
115 120
115 125
115 126
115 135
115 137
115 138
115 141
115 142
115 143
115 144
115 145
115 148
115 149
115 151
115 156
115 157
115 162
115 163
115 165
115 166
115 167
115 169
115 173
115 174
115 175
115 177
115 185
115 188
115 189
115 190
115 199
116 124
116 129
116 133
116 136
116 140
116 141
116 142
116 143
116 147
116 148
116 150
116 153
116 155
116 156
116 157
116 158
116 159
116 166
116 167
116 168
116 170
116 172
116 175
116 176
116 180
116 183
116 187
116 190
116 194
116 198
116 199
116 200
117 122
117 123
117 128
117 129
117 133
117 139
117 146
117 148
117 149
117 151
117 153
117 154
117 158
117 159
117 161
117 163
117 164
117 167
117 168
117 169
117 171
117 175
117 177
117 180
117 181
117 183
117 186
117 192
117 193
117 194
117 197
118 119
118 122
118 124
118 129
118 131
118 132
118 133
118 137
118 138
118 139
118 147
118 149
118 150
118 154
118 155
118 157
118 158
118 159
118 162
118 164
118 167
118 168
118 171
118 172
118 173
118 175
118 176
118 179
118 181
118 182
118 187
118 189
118 190
118 191
118 192
118 194
118 196
119 124
119 125
119 127
119 128
119 133
119 135
119 136
119 137
119 138
119 139
119 141
119 143
119 144
119 145
119 148
119 149
119 152
119 153
119 154
119 156
119 158
119 159
119 161
119 162
119 165
119 172
119 176
119 181
119 182
119 183
119 185
119 186
119 194
119 195
119 196
119 197
119 198
120 121
120 122
120 123
120 124
120 125
120 126
120 128
120 130
120 134
120 135
120 136
120 138
120 140
120 142
120 145
120 146
120 149
120 150
120 152
120 157
120 159
120 161
120 162
120 163
120 165
120 166
120 167
120 169
120 170
120 172
120 174
120 175
120 177
120 191
120 192
120 194
120 196
120 197
120 198
120 200
121 124
121 125
121 128
121 129
121 130
121 136
121 137
121 138
121 142
121 147
121 149
121 150
121 151
121 154
121 156
121 157
121 162
121 163
121 164
121 166
121 174
121 177
121 178
121 185
121 187
121 190
121 193
121 194
121 197
121 199
122 126
122 129
122 130
122 132
122 133
122 134
122 135
122 136
122 138
122 141
122 143
122 145
122 146
122 151
122 152
122 156
122 158
122 163
122 165
122 167
122 169
122 172
122 174
122 175
122 178
122 181
122 183
122 187
122 188
122 191
122 192
122 195
122 196
122 197
123 124
123 125
123 127
123 130
123 131
123 132
123 135
123 139
123 140
123 141
123 146
123 148
123 151
123 157
123 159
123 160
123 163
123 164
123 165
123 167
123 168
123 169
123 170
123 172
123 175
123 184
123 186
123 187
123 189
123 190
123 191
123 192
123 193
123 197
123 198
123 199
123 200
124 129
124 130
124 135
124 136
124 137
124 144
124 148
124 149
124 153
124 157
124 159
124 164
124 166
124 167
124 168
124 169
124 171
124 174
124 175
124 178
124 180
124 183
124 186
124 187
124 189
124 190
124 197
125 128
125 129
125 130
125 132
125 137
125 140
125 146
125 147
125 149
125 153
125 155
125 157
125 158
125 159
125 160
125 161
125 164
125 167
125 170
125 171
125 172
125 174
125 175
125 178
125 179
125 180
125 181
125 183
125 185
125 187
125 188
125 190
125 193
125 195
126 132
126 139
126 140
126 142
126 144
126 145
126 146
126 149
126 159
126 161
126 163
126 165
126 166
126 167
126 173
126 174
126 175
126 179
126 184
126 187
126 190
126 192
126 193
126 194
126 196
127 129
127 130
127 131
127 135
127 136
127 138
127 139
127 142
127 143
127 147
127 155
127 156
127 158
127 160
127 161
127 162
127 171
127 174
127 175
127 177
127 178
127 186
127 187
127 189
127 194
127 195
127 196
127 199
127 200
128 129
128 134
128 135
128 137
128 141
128 142
128 147
128 148
128 149
128 151
128 152
128 156
128 157
128 158
128 159
128 169
128 170
128 172
128 174
128 175
128 176
128 180
128 181
128 182
128 183
128 185
128 189
128 190
128 192
128 194
128 200
129 136
129 145
129 152
129 162
129 164
129 165
129 167
129 170
129 172
129 176
129 177
129 179
129 181
129 183
129 184
129 185
129 191
129 192
129 199
130 135
130 137
130 138
130 140
130 141
130 146
130 147
130 153
130 157
130 159
130 160
130 165
130 168
130 172
130 173
130 178
130 183
130 190
130 192
130 193
130 200
131 134
131 138
131 139
131 142
131 143
131 144
131 145
131 149
131 150
131 151
131 152
131 153
131 156
131 157
131 159
131 161
131 162
131 164
131 172
131 175
131 176
131 178
131 180
131 189
131 190
131 192
131 196
131 197
132 133
132 137
132 138
132 140
132 144
132 145
132 146
132 147
132 150
132 153
132 155
132 156
132 158
132 161
132 165
132 168
132 170
132 173
132 178
132 179
132 181
132 183
132 185
132 188
132 192
132 196
132 198
132 200
133 134
133 136
133 138
133 139
133 141
133 143
133 147
133 148
133 152
133 155
133 157
133 158
133 160
133 161
133 162
133 163
133 168
133 169
133 177
133 182
133 186
133 191
133 192
133 193
133 198
133 199
134 135
134 137
134 139
134 140
134 144
134 145
134 146
134 147
134 148
134 152
134 154
134 156
134 158
134 160
134 165
134 166
134 168
134 171
134 173
134 174
134 175
134 176
134 178
134 180
134 184
134 185
134 186
134 191
134 194
134 195
134 196
134 197
134 198
134 200
135 137
135 146
135 148
135 149
135 150
135 155
135 157
135 166
135 167
135 172
135 173
135 175
135 176
135 179
135 180
135 182
135 183
135 187
135 190
135 191
135 196
135 198
136 143
136 144
136 145
136 149
136 150
136 151
136 152
136 153
136 155
136 157
136 161
136 165
136 169
136 176
136 177
136 180
136 181
136 183
136 185
136 187
136 191
136 192
136 194
136 196
136 198
136 200
137 138
137 141
137 145
137 146
137 149
137 151
137 155
137 165
137 167
137 168
137 172
137 174
137 175
137 176
137 179
137 180
137 183
137 184
137 186
137 190
137 191
137 193
137 198
137 200
138 143
138 145
138 149
138 153
138 158
138 159
138 162
138 164
138 165
138 167
138 168
138 169
138 171
138 172
138 175
138 176
138 182
138 184
138 185
138 189
138 194
138 196
138 197
138 199
139 140
139 141
139 146
139 148
139 149
139 153
139 160
139 162
139 165
139 166
139 168
139 177
139 178
139 179
139 181
139 186
139 187
139 189
139 190
139 195
139 197
139 199
139 200
140 141
140 146
140 147
140 148
140 149
140 150
140 151
140 153
140 155
140 156
140 157
140 158
140 159
140 162
140 163
140 166
140 167
140 170
140 173
140 174
140 176
140 177
140 178
140 179
140 180
140 181
140 186
140 187
140 191
140 192
140 194
140 199
140 200
141 142
141 145
141 147
141 150
141 156
141 159
141 161
141 166
141 167
141 168
141 170
141 173
141 175
141 179
141 180
141 182
141 184
141 187
141 192
141 193
141 194
141 195
141 197
141 198
142 143
142 144
142 146
142 147
142 150
142 151
142 154
142 156
142 159
142 161
142 165
142 167
142 174
142 177
142 179
142 181
142 182
142 183
142 199
143 144
143 145
143 147
143 149
143 152
143 156
143 159
143 160
143 161
143 165
143 167
143 171
143 173
143 174
143 176
143 179
143 180
143 182
143 183
143 184
143 187
143 190
143 191
143 194
143 195
143 196
143 197
143 198
144 145
144 146
144 149
144 151
144 155
144 156
144 157
144 158
144 160
144 162
144 163
144 164
144 167
144 169
144 171
144 173
144 175
144 176
144 180
144 183
144 184
144 191
144 194
144 197
144 198
144 200
145 152
145 159
145 160
145 162
145 164
145 166
145 167
145 170
145 179
145 181
145 183
145 184
145 186
145 196
145 198
146 147
146 151
146 154
146 155
146 159
146 164
146 165
146 166
146 169
146 170
146 171
146 174
146 176
146 177
146 178
146 179
146 182
146 183
146 185
146 187
146 189
146 193
147 157
147 162
147 166
147 167
147 168
147 170
147 172
147 179
147 183
147 188
147 189
147 190
147 192
147 193
147 195
147 199
147 200
148 150
148 152
148 154
148 155
148 160
148 162
148 163
148 165
148 167
148 168
148 170
148 172
148 178
148 179
148 180
148 181
148 182
148 184
148 189
148 190
148 193
148 198
148 199
149 152
149 161
149 162
149 163
149 165
149 169
149 170
149 171
149 172
149 175
149 177
149 178
149 179
149 180
149 185
149 186
149 192
149 194
149 195
149 199
150 151
150 152
150 155
150 156
150 157
150 159
150 164
150 166
150 170
150 171
150 173
150 174
150 186
150 187
150 189
150 190
150 192
150 194
150 199
150 200
151 154
151 155
151 156
151 158
151 159
151 160
151 165
151 166
151 168
151 170
151 175
151 176
151 177
151 180
151 187
151 188
151 190
151 192
151 200
152 155
152 160
152 163
152 165
152 167
152 172
152 173
152 175
152 176
152 177
152 179
152 181
152 185
152 190
152 194
152 196
152 199
153 156
153 159
153 168
153 173
153 174
153 177
153 180
153 182
153 184
153 186
153 189
153 191
153 195
153 196
153 197
153 198
153 200
154 158
154 159
154 162
154 163
154 164
154 166
154 171
154 172
154 177
154 184
154 185
154 186
154 187
154 189
154 192
154 195
154 196
154 200
155 156
155 160
155 161
155 164
155 165
155 170
155 171
155 174
155 184
155 186
155 192
155 196
155 197
155 199
156 158
156 159
156 160
156 162
156 164
156 166
156 171
156 173
156 174
156 175
156 180
156 183
156 184
156 187
156 188
156 192
156 196
156 197
156 199
157 159
157 161
157 168
157 169
157 172
157 174
157 177
157 178
157 186
157 195
157 198
157 199
157 200
158 160
158 168
158 170
158 171
158 172
158 174
158 175
158 176
158 182
158 183
158 185
158 186
158 187
158 189
158 193
158 194
158 195
158 198
159 160
159 164
159 165
159 167
159 169
159 170
159 172
159 174
159 175
159 176
159 177
159 178
159 180
159 182
159 185
159 187
159 188
159 189
159 190
159 192
159 200
160 162
160 164
160 165
160 166
160 167
160 168
160 169
160 173
160 179
160 180
160 187
160 195
160 196
160 197
160 199
160 200
161 162
161 165
161 166
161 168
161 169
161 173
161 174
161 177
161 179
161 184
161 186
161 189
161 190
161 191
161 192
161 194
161 195
161 196
162 163
162 169
162 170
162 171
162 172
162 173
162 174
162 176
162 177
162 182
162 184
162 185
162 187
162 192
162 196
162 197
162 199
163 164
163 166
163 167
163 173
163 174
163 175
163 181
163 182
163 185
163 186
163 188
163 189
163 190
163 191
163 192
163 198
163 200
164 165
164 169
164 172
164 175
164 180
164 182
164 183
164 190
164 191
164 192
164 193
164 195
164 199
165 166
165 168
165 170
165 174
165 180
165 181
165 184
165 186
165 188
165 189
165 191
165 193
165 195
165 198
165 200
166 174
166 175
166 181
166 182
166 185
166 186
166 188
166 191
167 176
167 178
167 179
167 182
167 184
167 185
167 189
167 190
167 192
167 194
167 196
167 197
167 198
167 199
168 170
168 171
168 177
168 179
168 180
168 183
168 184
168 186
168 187
168 188
168 190
168 191
168 192
168 193
168 194
168 197
169 171
169 174
169 175
169 177
169 181
169 183
169 185
169 186
169 188
169 189
169 190
169 195
170 172
170 174
170 182
170 185
170 186
170 189
170 190
170 195
170 199
171 172
171 175
171 177
171 178
171 179
171 185
171 186
171 187
171 190
171 192
171 194
171 195
171 197
171 200
172 175
172 176
172 179
172 180
172 183
172 187
172 189
172 193
172 194
172 196
172 197
172 199
173 175
173 177
173 183
173 187
173 188
173 195
173 196
173 198
174 176
174 180
174 183
174 184
174 185
174 186
174 193
174 195
174 200
175 177
175 180
175 183
175 184
175 185
175 186
175 187
175 188
175 189
175 190
175 196
176 177
176 178
176 179
176 180
176 181
176 189
176 193
176 197
176 199
177 179
177 182
177 186
177 187
177 189
177 193
177 198
177 200
178 179
178 182
178 183
178 184
178 187
178 188
178 192
178 193
178 195
178 199
178 200
179 182
179 185
179 190
179 192
179 194
179 195
179 196
179 197
179 199
179 200
180 181
180 182
180 187
180 188
180 192
180 193
180 196
180 198
180 200
181 183
181 185
181 188
181 192
181 193
181 194
181 195
181 199
181 200
182 183
182 184
182 189
182 191
182 193
182 194
182 196
182 197
182 198
182 200
183 190
183 192
183 195
183 196
183 197
184 185
184 187
184 188
184 190
184 197
184 198
184 199
184 200
185 187
185 190
185 196
185 198
185 199
186 187
186 192
186 196
187 188
187 191
187 195
187 198
188 189
188 193
188 195
188 196
188 199
188 200
189 190
189 192
189 193
189 194
189 195
190 191
190 196
190 197
190 200
191 197
191 198
191 199
192 193
192 194
192 198
192 199
193 194
193 195
193 196
193 197
193 198
194 196
194 198
194 199
195 197
195 198
196 198
197 199
198 200
199 200
