1 2
1 4
1 5
1 6
1 7
1 8
1 10
1 11
1 12
1 14
1 16
1 17
1 18
1 19
1 21
1 22
1 24
1 25
1 27
1 29
2 4
2 5
2 6
2 7
2 8
2 9
2 10
2 11
2 12
2 13
2 14
2 15
2 16
2 18
2 20
2 21
2 22
2 23
2 24
2 26
2 27
2 28
2 29
2 30
3 5
3 6
3 7
3 10
3 11
3 12
3 13
3 15
3 17
3 18
3 19
3 20
3 21
3 23
3 24
3 25
3 26
3 27
3 28
3 29
3 30
4 5
4 6
4 7
4 8
4 10
4 11
4 14
4 17
4 18
4 20
4 21
4 22
4 24
4 25
4 26
4 28
4 30
5 6
5 7
5 8
5 11
5 12
5 13
5 14
5 15
5 17
5 18
5 19
5 20
5 21
5 22
5 23
5 26
5 27
5 28
5 29
6 7
6 8
6 9
6 10
6 11
6 12
6 14
6 15
6 16
6 18
6 19
6 20
6 21
6 22
6 23
6 25
6 26
6 28
6 30
7 8
7 9
7 10
7 12
7 13
7 14
7 15
7 17
7 18
7 19
7 20
7 21
7 22
7 23
7 26
7 27
7 28
7 30
8 9
8 10
8 11
8 12
8 13
8 15
8 16
8 17
8 18
8 19
8 20
8 21
8 22
8 24
8 25
8 26
8 27
8 28
8 29
8 30
9 10
9 11
9 12
9 13
9 14
9 15
9 16
9 18
9 19
9 20
9 22
9 23
9 25
9 27
10 12
10 14
10 15
10 16
10 17
10 18
10 19
10 20
10 21
10 22
10 24
10 25
10 26
10 27
10 28
10 29
10 30
11 12
11 13
11 14
11 15
11 16
11 17
11 18
11 19
11 20
11 21
11 22
11 23
11 24
11 25
11 27
11 28
11 30
12 13
12 14
12 17
12 18
12 19
12 21
12 22
12 23
12 24
12 25
12 26
12 27
12 29
12 30
13 14
13 15
13 17
13 18
13 20
13 21
13 22
13 23
13 24
13 25
13 26
13 28
13 29
13 30
14 15
14 17
14 18
14 21
14 22
14 23
14 24
14 25
14 26
14 27
14 30
15 17
15 25
15 26
15 27
15 28
15 29
15 30
16 17
16 18
16 19
16 21
16 23
16 24
16 25
16 26
16 29
16 30
17 18
17 19
17 20
17 21
17 22
17 24
17 26
17 27
17 29
17 30
18 20
18 22
18 25
18 26
18 28
18 29
18 30
19 21
19 22
19 23
19 24
19 25
19 26
19 27
19 28
19 29
19 30
20 22
20 24
20 25
20 26
20 27
20 28
20 29
21 23
21 25
21 26
21 27
21 28
21 29
21 30
22 24
22 25
22 26
22 27
22 28
22 30
23 24
23 25
23 26
23 27
23 28
23 29
23 30
24 28
24 29
24 30
25 26
25 27
25 28
25 29
25 30
26 27
26 28
26 29
26 30
27 28
27 29
27 30
28 29
28 30
29 30
