1 3
1 4
1 6
1 14
1 17
1 19
1 29
1 35
1 39
1 40
1 45
1 49
1 50
1 51
1 54
1 62
1 63
1 64
1 67
1 73
1 75
1 77
1 87
1 88
1 89
1 91
1 92
1 93
1 95
1 97
1 102
1 105
1 108
1 112
1 117
1 118
1 120
1 121
1 125
1 126
1 134
1 137
1 140
1 142
1 143
1 144
1 148
1 149
1 150
1 152
1 154
1 156
1 158
1 162
1 163
1 164
1 168
1 170
1 171
1 172
1 174
1 175
1 177
1 179
1 182
1 185
1 186
1 189
1 192
1 193
1 196
1 197
1 198
1 199
2 3
2 6
2 7
2 13
2 14
2 16
2 17
2 18
2 19
2 21
2 23
2 24
2 25
2 26
2 30
2 35
2 38
2 41
2 42
2 44
2 45
2 49
2 50
2 52
2 53
2 54
2 55
2 56
2 57
2 59
2 61
2 64
2 65
2 67
2 71
2 76
2 81
2 83
2 87
2 90
2 91
2 93
2 94
2 95
2 97
2 99
2 100
2 102
2 104
2 105
2 107
2 112
2 113
2 115
2 123
2 125
2 126
2 127
2 128
2 131
2 133
2 134
2 135
2 137
2 141
2 144
2 148
2 149
2 150
2 151
2 152
2 153
2 154
2 155
2 158
2 162
2 165
2 168
2 170
2 171
2 173
2 174
2 177
2 179
2 181
2 182
2 184
2 187
2 190
2 191
2 192
2 196
2 197
3 8
3 10
3 12
3 13
3 15
3 20
3 24
3 25
3 26
3 28
3 29
3 33
3 35
3 36
3 38
3 40
3 41
3 44
3 50
3 52
3 56
3 59
3 60
3 62
3 64
3 66
3 69
3 76
3 77
3 79
3 81
3 84
3 86
3 87
3 89
3 91
3 100
3 101
3 105
3 106
3 109
3 112
3 115
3 121
3 122
3 124
3 130
3 132
3 141
3 143
3 144
3 146
3 149
3 151
3 152
3 154
3 155
3 157
3 164
3 165
3 166
3 170
3 172
3 173
3 175
3 176
3 178
3 184
3 185
3 186
3 188
3 189
3 193
3 197
4 6
4 7
4 9
4 10
4 12
4 13
4 15
4 18
4 20
4 24
4 25
4 26
4 27
4 28
4 29
4 38
4 39
4 40
4 42
4 43
4 44
4 46
4 48
4 51
4 52
4 58
4 60
4 62
4 63
4 72
4 77
4 80
4 85
4 88
4 89
4 90
4 92
4 93
4 94
4 95
4 96
4 97
4 98
4 99
4 106
4 108
4 109
4 110
4 111
4 112
4 115
4 117
4 118
4 119
4 123
4 126
4 127
4 132
4 133
4 134
4 137
4 139
4 147
4 152
4 153
4 154
4 159
4 161
4 162
4 163
4 170
4 171
4 175
4 176
4 178
4 184
4 186
4 187
4 189
4 191
4 194
5 7
5 8
5 14
5 15
5 16
5 21
5 24
5 26
5 28
5 31
5 32
5 36
5 38
5 39
5 40
5 42
5 43
5 46
5 50
5 51
5 55
5 57
5 61
5 63
5 64
5 66
5 69
5 71
5 72
5 74
5 77
5 83
5 86
5 90
5 91
5 93
5 95
5 99
5 100
5 102
5 103
5 107
5 108
5 114
5 115
5 122
5 125
5 126
5 132
5 135
5 138
5 140
5 142
5 143
5 144
5 145
5 146
5 148
5 150
5 151
5 153
5 156
5 158
5 164
5 165
5 167
5 168
5 172
5 173
5 174
5 183
5 184
5 185
5 186
5 187
5 188
5 189
5 192
5 194
5 195
5 196
5 197
5 198
5 199
5 200
6 7
6 8
6 9
6 11
6 12
6 19
6 20
6 21
6 23
6 26
6 32
6 33
6 35
6 36
6 38
6 43
6 44
6 46
6 49
6 50
6 51
6 52
6 54
6 57
6 61
6 64
6 68
6 72
6 73
6 76
6 78
6 79
6 80
6 84
6 90
6 92
6 96
6 97
6 98
6 107
6 108
6 110
6 121
6 123
6 124
6 127
6 131
6 132
6 133
6 134
6 136
6 137
6 141
6 143
6 145
6 155
6 158
6 160
6 161
6 165
6 166
6 168
6 174
6 178
6 179
6 181
6 182
6 186
6 190
6 192
6 193
6 198
6 200
7 8
7 13
7 18
7 19
7 20
7 22
7 29
7 30
7 33
7 35
7 41
7 42
7 44
7 45
7 46
7 48
7 49
7 50
7 53
7 56
7 57
7 58
7 62
7 65
7 69
7 70
7 75
7 81
7 83
7 85
7 87
7 88
7 95
7 96
7 98
7 103
7 113
7 114
7 115
7 119
7 120
7 125
7 130
7 131
7 142
7 148
7 150
7 155
7 156
7 164
7 167
7 169
7 170
7 171
7 174
7 177
7 181
7 183
7 186
7 188
7 189
7 190
7 191
7 192
7 196
7 197
7 198
7 199
7 200
8 10
8 15
8 16
8 18
8 19
8 20
8 21
8 26
8 27
8 28
8 33
8 34
8 36
8 40
8 42
8 45
8 47
8 54
8 61
8 63
8 66
8 67
8 70
8 72
8 73
8 74
8 75
8 76
8 78
8 79
8 82
8 83
8 87
8 97
8 100
8 104
8 108
8 109
8 110
8 111
8 114
8 117
8 118
8 120
8 122
8 123
8 124
8 125
8 126
8 130
8 136
8 139
8 140
8 142
8 144
8 147
8 151
8 153
8 154
8 159
8 162
8 165
8 169
8 170
8 172
8 176
8 177
8 181
8 184
8 188
8 189
8 192
8 193
8 196
8 200
9 11
9 12
9 13
9 16
9 19
9 20
9 22
9 25
9 27
9 28
9 29
9 30
9 36
9 40
9 41
9 48
9 51
9 52
9 53
9 56
9 57
9 59
9 62
9 63
9 66
9 69
9 70
9 71
9 74
9 77
9 81
9 82
9 83
9 88
9 90
9 91
9 93
9 94
9 97
9 98
9 102
9 104
9 106
9 107
9 109
9 110
9 111
9 112
9 116
9 117
9 120
9 126
9 129
9 130
9 131
9 132
9 133
9 136
9 141
9 152
9 155
9 161
9 163
9 164
9 166
9 168
9 169
9 175
9 180
9 181
9 185
9 188
9 189
9 192
9 193
9 194
9 195
9 198
9 200
10 11
10 15
10 16
10 19
10 23
10 25
10 28
10 30
10 34
10 37
10 39
10 44
10 45
10 50
10 52
10 59
10 60
10 62
10 65
10 71
10 74
10 75
10 76
10 77
10 81
10 82
10 83
10 85
10 87
10 88
10 92
10 97
10 98
10 99
10 101
10 102
10 105
10 108
10 110
10 111
10 114
10 119
10 123
10 126
10 128
10 134
10 135
10 137
10 138
10 147
10 148
10 151
10 153
10 156
10 158
10 160
10 164
10 165
10 167
10 169
10 171
10 173
10 175
10 178
10 183
10 184
10 185
10 186
10 187
10 193
10 194
10 197
11 12
11 13
11 14
11 15
11 18
11 21
11 28
11 30
11 31
11 34
11 37
11 40
11 42
11 45
11 46
11 50
11 52
11 53
11 56
11 60
11 61
11 66
11 67
11 68
11 71
11 73
11 76
11 77
11 78
11 84
11 85
11 88
11 91
11 92
11 93
11 95
11 96
11 100
11 101
11 104
11 105
11 106
11 111
11 115
11 122
11 123
11 127
11 132
11 141
11 145
11 148
11 151
11 152
11 154
11 156
11 162
11 168
11 169
11 173
11 176
11 183
11 186
11 191
11 199
11 200
12 15
12 17
12 20
12 22
12 25
12 27
12 28
12 30
12 35
12 38
12 42
12 45
12 47
12 50
12 52
12 53
12 54
12 56
12 59
12 61
12 62
12 63
12 65
12 67
12 69
12 71
12 74
12 77
12 78
12 83
12 88
12 90
12 92
12 94
12 100
12 105
12 109
12 114
12 116
12 119
12 121
12 126
12 127
12 128
12 129
12 132
12 133
12 137
12 139
12 142
12 146
12 148
12 153
12 154
12 156
12 162
12 164
12 165
12 168
12 170
12 174
12 181
12 183
12 198
12 199
13 14
13 16
13 17
13 18
13 21
13 24
13 29
13 35
13 36
13 38
13 39
13 42
13 45
13 47
13 50
13 51
13 55
13 60
13 61
13 69
13 70
13 72
13 76
13 81
13 83
13 85
13 86
13 89
13 90
13 93
13 95
13 96
13 97
13 98
13 104
13 107
13 108
13 109
13 112
13 113
13 114
13 118
13 122
13 124
13 126
13 127
13 130
13 131
13 133
13 134
13 136
13 141
13 142
13 143
13 147
13 150
13 151
13 156
13 158
13 160
13 161
13 162
13 163
13 166
13 169
13 172
13 177
13 178
13 180
13 183
13 188
13 190
13 191
13 195
13 200
14 15
14 16
14 22
14 26
14 27
14 32
14 37
14 40
14 41
14 43
14 45
14 48
14 49
14 51
14 52
14 56
14 59
14 63
14 66
14 67
14 68
14 75
14 78
14 81
14 83
14 84
14 87
14 88
14 91
14 92
14 93
14 96
14 97
14 102
14 104
14 105
14 109
14 111
14 113
14 117
14 118
14 119
14 121
14 122
14 123
14 125
14 128
14 129
14 131
14 133
14 138
14 141
14 145
14 146
14 148
14 150
14 151
14 152
14 153
14 154
14 155
14 157
14 161
14 165
14 166
14 168
14 169
14 171
14 172
14 173
14 176
14 177
14 179
14 185
14 186
14 187
14 188
14 189
14 191
14 199
15 18
15 19
15 20
15 23
15 27
15 28
15 30
15 33
15 34
15 37
15 39
15 41
15 42
15 43
15 49
15 53
15 54
15 55
15 56
15 61
15 63
15 64
15 74
15 75
15 77
15 79
15 81
15 84
15 85
15 86
15 89
15 93
15 95
15 97
15 98
15 103
15 106
15 107
15 108
15 110
15 112
15 116
15 121
15 131
15 134
15 135
15 136
15 137
15 138
15 139
15 141
15 146
15 147
15 148
15 150
15 154
15 159
15 160
15 166
15 167
15 168
15 173
15 174
15 175
15 176
15 178
15 186
15 187
15 189
15 191
15 193
15 194
15 196
15 197
15 198
15 199
15 200
16 18
16 19
16 20
16 21
16 22
16 23
16 26
16 27
16 32
16 33
16 43
16 53
16 55
16 56
16 58
16 60
16 64
16 69
16 70
16 73
16 79
16 82
16 83
16 86
16 89
16 91
16 92
16 94
16 95
16 98
16 100
16 101
16 102
16 105
16 108
16 110
16 111
16 117
16 119
16 122
16 123
16 128
16 130
16 132
16 135
16 137
16 138
16 139
16 141
16 143
16 146
16 149
16 150
16 153
16 155
16 163
16 165
16 168
16 169
16 172
16 175
16 176
16 181
16 183
16 186
16 187
16 188
16 189
16 191
16 192
16 194
16 195
16 196
16 198
16 200
17 19
17 20
17 24
17 28
17 39
17 41
17 44
17 45
17 48
17 53
17 56
17 58
17 60
17 61
17 63
17 69
17 70
17 76
17 77
17 78
17 79
17 80
17 81
17 82
17 84
17 91
17 93
17 95
17 96
17 98
17 99
17 100
17 104
17 105
17 106
17 113
17 120
17 123
17 126
17 130
17 135
17 137
17 138
17 141
17 144
17 145
17 146
17 149
17 151
17 152
17 155
17 156
17 158
17 159
17 166
17 167
17 170
17 171
17 172
17 173
17 178
17 182
17 183
17 186
17 187
17 189
17 190
17 193
17 195
18 19
18 22
18 27
18 31
18 35
18 36
18 37
18 40
18 41
18 44
18 45
18 46
18 47
18 49
18 51
18 56
18 57
18 59
18 61
18 64
18 65
18 70
18 71
18 72
18 73
18 74
18 75
18 82
18 83
18 85
18 87
18 91
18 93
18 94
18 95
18 97
18 98
18 100
18 102
18 107
18 108
18 113
18 114
18 117
18 118
18 119
18 121
18 122
18 125
18 127
18 135
18 136
18 138
18 140
18 145
18 147
18 148
18 150
18 152
18 153
18 154
18 156
18 158
18 160
18 161
18 163
18 167
18 169
18 170
18 172
18 174
18 177
18 178
18 183
18 185
18 187
18 191
18 195
18 196
19 20
19 21
19 22
19 26
19 27
19 28
19 29
19 30
19 31
19 33
19 36
19 37
19 39
19 42
19 43
19 48
19 50
19 52
19 53
19 55
19 56
19 60
19 61
19 66
19 70
19 73
19 75
19 76
19 83
19 84
19 85
19 89
19 96
19 101
19 103
19 108
19 109
19 113
19 114
19 116
19 117
19 120
19 121
19 123
19 124
19 127
19 128
19 131
19 134
19 141
19 148
19 149
19 157
19 162
19 163
19 164
19 168
19 174
19 175
19 177
19 180
19 182
19 183
19 187
19 190
19 193
19 194
19 196
19 197
20 23
20 26
20 27
20 28
20 29
20 33
20 34
20 36
20 43
20 45
20 46
20 47
20 49
20 54
20 57
20 61
20 63
20 64
20 68
20 69
20 72
20 73
20 74
20 75
20 76
20 77
20 78
20 79
20 82
20 85
20 86
20 87
20 90
20 94
20 96
20 97
20 98
20 99
20 104
20 107
20 108
20 110
20 113
20 115
20 121
20 122
20 123
20 124
20 127
20 129
20 132
20 133
20 135
20 138
20 147
20 150
20 153
20 154
20 155
20 157
20 161
20 168
20 171
20 179
20 186
20 187
20 193
20 195
20 196
20 197
20 200
21 23
21 24
21 29
21 30
21 31
21 33
21 34
21 36
21 37
21 39
21 41
21 43
21 47
21 49
21 50
21 51
21 54
21 55
21 60
21 61
21 64
21 65
21 68
21 70
21 71
21 72
21 73
21 75
21 78
21 81
21 84
21 85
21 87
21 89
21 90
21 91
21 93
21 95
21 96
21 105
21 106
21 107
21 109
21 119
21 122
21 123
21 124
21 125
21 126
21 127
21 128
21 129
21 130
21 135
21 136
21 140
21 142
21 143
21 145
21 150
21 154
21 159
21 165
21 168
21 169
21 170
21 171
21 172
21 174
21 176
21 177
21 178
21 179
21 181
21 183
21 184
21 189
21 192
21 198
21 199
22 23
22 24
22 25
22 28
22 30
22 31
22 32
22 33
22 34
22 35
22 37
22 38
22 40
22 41
22 42
22 46
22 47
22 49
22 51
22 53
22 56
22 57
22 58
22 59
22 60
22 61
22 70
22 73
22 74
22 78
22 80
22 82
22 83
22 85
22 87
22 89
22 91
22 94
22 95
22 99
22 100
22 102
22 103
22 108
22 109
22 118
22 120
22 121
22 122
22 125
22 126
22 130
22 131
22 134
22 138
22 139
22 141
22 145
22 148
22 150
22 152
22 154
22 158
22 159
22 160
22 162
22 164
22 169
22 174
22 182
22 183
22 184
22 185
22 186
22 190
22 191
22 196
22 197
22 199
22 200
23 24
23 25
23 26
23 27
23 29
23 31
23 32
23 33
23 34
23 35
23 39
23 40
23 41
23 42
23 44
23 45
23 49
23 50
23 51
23 52
23 59
23 61
23 63
23 64
23 65
23 66
23 68
23 70
23 72
23 75
23 77
23 82
23 85
23 88
23 90
23 97
23 98
23 101
23 102
23 104
23 105
23 108
23 112
23 120
23 124
23 130
23 131
23 133
23 137
23 141
23 142
23 143
23 145
23 146
23 148
23 150
23 151
23 154
23 155
23 156
23 157
23 158
23 161
23 162
23 164
23 166
23 169
23 170
23 175
23 177
23 178
23 179
23 180
23 182
23 185
23 191
23 192
23 193
23 197
23 198
23 200
24 26
24 27
24 30
24 38
24 39
24 45
24 48
24 49
24 50
24 51
24 52
24 55
24 61
24 62
24 64
24 69
24 72
24 73
24 75
24 76
24 83
24 84
24 85
24 90
24 92
24 95
24 96
24 97
24 98
24 101
24 102
24 103
24 104
24 105
24 110
24 112
24 115
24 116
24 119
24 120
24 121
24 126
24 127
24 128
24 129
24 130
24 131
24 134
24 138
24 143
24 146
24 152
24 155
24 156
24 160
24 164
24 165
24 167
24 168
24 172
24 175
24 178
24 179
24 182
24 184
24 187
24 190
24 191
24 193
24 195
24 196
24 200
25 27
25 30
25 34
25 36
25 37
25 42
25 45
25 50
25 51
25 57
25 59
25 61
25 62
25 64
25 65
25 68
25 70
25 73
25 81
25 82
25 84
25 86
25 91
25 92
25 94
25 95
25 97
25 98
25 99
25 100
25 101
25 102
25 104
25 106
25 109
25 112
25 113
25 118
25 119
25 120
25 121
25 122
25 126
25 127
25 132
25 133
25 134
25 135
25 140
25 145
25 148
25 150
25 151
25 154
25 156
25 158
25 160
25 161
25 164
25 165
25 167
25 171
25 173
25 174
25 178
25 179
25 183
25 184
25 186
25 188
25 189
25 195
25 196
25 197
26 27
26 32
26 34
26 35
26 36
26 38
26 43
26 44
26 51
26 52
26 54
26 55
26 63
26 64
26 66
26 68
26 69
26 70
26 71
26 72
26 77
26 79
26 80
26 83
26 84
26 89
26 90
26 99
26 102
26 111
26 112
26 113
26 115
26 118
26 123
26 127
26 128
26 129
26 133
26 138
26 139
26 140
26 143
26 144
26 146
26 148
26 150
26 153
26 154
26 158
26 164
26 166
26 171
26 173
26 174
26 181
26 182
26 185
26 186
26 187
26 189
26 190
26 191
26 198
27 28
27 29
27 31
27 32
27 33
27 34
27 36
27 41
27 43
27 44
27 48
27 49
27 50
27 53
27 54
27 56
27 57
27 59
27 61
27 62
27 65
27 73
27 74
27 75
27 77
27 79
27 83
27 84
27 86
27 88
27 95
27 97
27 99
27 100
27 101
27 102
27 104
27 106
27 107
27 108
27 109
27 110
27 112
27 113
27 116
27 118
27 120
27 121
27 125
27 126
27 127
27 128
27 135
27 137
27 138
27 140
27 141
27 144
27 153
27 154
27 160
27 163
27 164
27 173
27 176
27 184
27 185
27 187
27 192
27 194
27 195
27 196
27 198
27 200
28 30
28 32
28 33
28 35
28 38
28 39
28 42
28 43
28 44
28 48
28 50
28 56
28 58
28 60
28 64
28 66
28 70
28 71
28 73
28 74
28 75
28 79
28 81
28 85
28 86
28 88
28 90
28 91
28 92
28 96
28 98
28 102
28 103
28 105
28 106
28 107
28 108
28 109
28 110
28 113
28 114
28 117
28 119
28 124
28 126
28 127
28 136
28 137
28 142
28 147
28 148
28 149
28 152
28 155
28 156
28 157
28 162
28 163
28 165
28 171
28 177
28 183
28 185
28 187
28 190
28 191
28 192
28 194
28 197
29 30
29 31
29 32
29 35
29 37
29 38
29 39
29 40
29 42
29 44
29 51
29 52
29 56
29 59
29 65
29 67
29 75
29 76
29 77
29 78
29 81
29 84
29 88
29 89
29 90
29 91
29 94
29 95
29 96
29 100
29 104
29 106
29 110
29 111
29 112
29 113
29 121
29 122
29 124
29 125
29 128
29 132
29 134
29 136
29 137
29 142
29 147
29 149
29 155
29 156
29 157
29 158
29 163
29 169
29 171
29 177
29 182
29 183
29 185
29 186
29 187
29 188
29 189
29 192
29 193
29 196
30 31
30 34
30 37
30 41
30 51
30 53
30 54
30 58
30 61
30 63
30 64
30 65
30 73
30 78
30 80
30 81
30 82
30 83
30 85
30 89
30 90
30 95
30 100
30 103
30 107
30 109
30 110
30 114
30 115
30 116
30 117
30 118
30 120
30 122
30 124
30 126
30 127
30 130
30 135
30 137
30 138
30 139
30 141
30 151
30 152
30 153
30 154
30 156
30 159
30 161
30 163
30 168
30 170
30 174
30 178
30 181
30 188
30 190
30 193
30 195
30 196
30 197
30 199
30 200
31 38
31 43
31 44
31 46
31 51
31 57
31 59
31 62
31 64
31 70
31 72
31 74
31 75
31 79
31 81
31 82
31 83
31 84
31 85
31 87
31 88
31 91
31 94
31 98
31 102
31 105
31 106
31 107
31 109
31 112
31 115
31 116
31 117
31 118
31 119
31 123
31 124
31 125
31 126
31 131
31 135
31 138
31 140
31 141
31 142
31 144
31 146
31 147
31 149
31 151
31 155
31 157
31 159
31 160
31 161
31 167
31 169
31 170
31 175
31 176
31 177
31 178
31 180
31 184
31 187
31 188
31 189
31 195
32 34
32 35
32 40
32 47
32 48
32 50
32 52
32 54
32 57
32 59
32 60
32 62
32 63
32 66
32 68
32 74
32 76
32 77
32 79
32 82
32 86
32 89
32 91
32 92
32 102
32 104
32 105
32 106
32 109
32 111
32 112
32 114
32 115
32 117
32 123
32 127
32 128
32 130
32 134
32 137
32 143
32 145
32 146
32 150
32 153
32 156
32 157
32 158
32 159
32 160
32 161
32 164
32 165
32 168
32 171
32 172
32 174
32 175
32 176
32 178
32 182
32 183
32 184
32 186
32 187
32 188
32 189
32 190
32 191
32 193
32 195
32 198
33 34
33 35
33 36
33 37
33 40
33 41
33 42
33 46
33 52
33 54
33 58
33 59
33 64
33 67
33 68
33 70
33 75
33 77
33 78
33 81
33 83
33 84
33 85
33 86
33 87
33 88
33 89
33 92
33 95
33 97
33 100
33 102
33 103
33 104
33 107
33 109
33 113
33 120
33 124
33 129
33 132
33 135
33 136
33 139
33 146
33 151
33 154
33 157
33 158
33 160
33 164
33 165
33 168
33 170
33 174
33 177
33 178
33 187
33 191
33 194
33 195
33 198
33 199
34 36
34 37
34 38
34 40
34 41
34 44
34 47
34 52
34 53
34 56
34 57
34 58
34 62
34 63
34 68
34 69
34 71
34 72
34 75
34 77
34 80
34 81
34 83
34 84
34 86
34 89
34 91
34 92
34 96
34 97
34 99
34 105
34 106
34 110
34 112
34 114
34 116
34 120
34 124
34 125
34 126
34 127
34 132
34 134
34 140
34 141
34 142
34 143
34 145
34 148
34 149
34 150
34 151
34 153
34 154
34 155
34 156
34 157
34 161
34 163
34 168
34 171
34 173
34 174
34 175
34 183
34 185
34 190
34 191
34 195
34 197
34 199
35 36
35 38
35 41
35 43
35 44
35 49
35 54
35 56
35 59
35 60
35 63
35 65
35 66
35 69
35 72
35 75
35 76
35 77
35 78
35 81
35 86
35 91
35 93
35 97
35 100
35 105
35 107
35 110
35 112
35 119
35 120
35 128
35 130
35 131
35 132
35 135
35 136
35 139
35 144
35 145
35 147
35 148
35 151
35 155
35 157
35 160
35 163
35 165
35 166
35 175
35 179
35 181
35 183
35 184
35 187
35 188
35 189
35 193
35 195
35 200
36 37
36 42
36 45
36 47
36 52
36 53
36 63
36 65
36 66
36 71
36 73
36 74
36 75
36 83
36 86
36 91
36 92
36 93
36 96
36 104
36 106
36 112
36 116
36 117
36 118
36 120
36 122
36 123
36 125
36 126
36 127
36 129
36 134
36 137
36 139
36 141
36 142
36 143
36 145
36 146
36 147
36 151
36 154
36 155
36 160
36 161
36 164
36 166
36 167
36 169
36 171
36 174
36 175
36 178
36 179
36 180
36 182
36 185
36 186
36 187
36 188
36 193
36 194
36 197
36 198
36 200
37 39
37 40
37 41
37 46
37 51
37 55
37 58
37 59
37 62
37 66
37 67
37 70
37 76
37 77
37 83
37 84
37 88
37 89
37 99
37 100
37 101
37 105
37 106
37 113
37 115
37 121
37 124
37 127
37 129
37 130
37 131
37 134
37 135
37 138
37 139
37 141
37 142
37 143
37 150
37 154
37 160
37 161
37 166
37 167
37 171
37 172
37 174
37 176
37 183
37 189
37 198
37 199
38 46
38 51
38 56
38 58
38 62
38 63
38 64
38 65
38 68
38 69
38 70
38 77
38 78
38 81
38 85
38 91
38 94
38 95
38 97
38 98
38 99
38 101
38 109
38 110
38 113
38 114
38 116
38 118
38 119
38 120
38 121
38 122
38 123
38 124
38 125
38 127
38 128
38 133
38 134
38 137
38 138
38 140
38 141
38 145
38 153
38 158
38 161
38 166
38 167
38 168
38 171
38 176
38 177
38 180
38 185
38 187
38 188
38 189
38 190
38 195
38 196
38 200
39 40
39 44
39 48
39 53
39 56
39 62
39 63
39 66
39 69
39 71
39 72
39 74
39 75
39 76
39 77
39 78
39 85
39 86
39 89
39 91
39 93
39 97
39 106
39 108
39 112
39 114
39 115
39 116
39 117
39 118
39 120
39 123
39 127
39 128
39 129
39 130
39 133
39 134
39 135
39 136
39 137
39 138
39 140
39 141
39 144
39 146
39 147
39 153
39 157
39 159
39 164
39 165
39 166
39 172
39 174
39 175
39 176
39 177
39 179
39 181
39 182
39 183
39 187
39 188
39 189
39 190
39 193
39 198
40 43
40 44
40 48
40 50
40 52
40 53
40 54
40 60
40 63
40 64
40 65
40 75
40 81
40 84
40 85
40 91
40 92
40 93
40 97
40 98
40 99
40 102
40 106
40 107
40 108
40 112
40 113
40 114
40 116
40 118
40 119
40 120
40 121
40 123
40 124
40 127
40 128
40 130
40 132
40 134
40 140
40 142
40 145
40 149
40 154
40 158
40 159
40 160
40 163
40 168
40 170
40 176
40 177
40 178
40 179
40 180
40 181
40 182
40 187
40 189
40 190
40 192
40 193
40 195
40 197
40 198
40 199
41 42
41 45
41 46
41 48
41 49
41 50
41 51
41 52
41 57
41 61
41 63
41 65
41 70
41 75
41 77
41 78
41 79
41 82
41 85
41 90
41 95
41 96
41 99
41 103
41 104
41 107
41 109
41 112
41 115
41 116
41 117
41 118
41 121
41 123
41 126
41 127
41 129
41 131
41 133
41 135
41 137
41 139
41 143
41 147
41 149
41 150
41 156
41 157
41 158
41 159
41 163
41 166
41 168
41 171
41 173
41 175
41 177
41 178
41 181
41 182
41 188
41 190
41 199
42 43
42 48
42 50
42 54
42 61
42 67
42 68
42 69
42 70
42 73
42 74
42 79
42 80
42 84
42 87
42 88
42 95
42 98
42 111
42 113
42 114
42 115
42 117
42 118
42 119
42 120
42 121
42 123
42 126
42 127
42 133
42 137
42 138
42 142
42 143
42 144
42 145
42 149
42 152
42 154
42 162
42 165
42 166
42 167
42 168
42 169
42 170
42 175
42 177
42 182
42 183
42 188
42 190
42 191
42 192
42 195
43 47
43 48
43 49
43 53
43 59
43 60
43 61
43 65
43 66
43 68
43 71
43 73
43 74
43 75
43 76
43 83
43 84
43 85
43 86
43 87
43 89
43 91
43 93
43 97
43 99
43 102
43 104
43 105
43 106
43 107
43 111
43 114
43 115
43 118
43 119
43 121
43 122
43 123
43 128
43 129
43 130
43 131
43 135
43 139
43 140
43 143
43 149
43 152
43 154
43 161
43 162
43 169
43 171
43 173
43 177
43 190
43 196
44 49
44 53
44 54
44 57
44 58
44 62
44 63
44 64
44 66
44 68
44 71
44 77
44 78
44 80
44 82
44 85
44 86
44 87
44 88
44 90
44 94
44 97
44 101
44 106
44 110
44 114
44 115
44 120
44 121
44 122
44 126
44 127
44 129
44 131
44 136
44 137
44 144
44 147
44 149
44 152
44 154
44 163
44 166
44 167
44 168
44 170
44 171
44 173
44 174
44 175
44 177
44 178
44 181
44 182
44 183
44 186
44 187
44 188
44 191
44 192
44 194
44 196
44 197
44 200
45 49
45 50
45 51
45 53
45 54
45 57
45 60
45 63
45 65
45 66
45 67
45 74
45 75
45 76
45 77
45 78
45 81
45 83
45 85
45 86
45 87
45 89
45 93
45 100
45 105
45 109
45 112
45 113
45 117
45 121
45 123
45 127
45 128
45 130
45 132
45 133
45 134
45 137
45 138
45 139
45 140
45 148
45 149
45 152
45 155
45 157
45 162
45 163
45 164
45 165
45 168
45 172
45 174
45 175
45 176
45 177
45 178
45 181
45 183
45 184
45 188
45 189
45 191
45 192
45 193
45 195
45 197
45 198
45 199
46 50
46 51
46 58
46 59
46 60
46 61
46 63
46 64
46 65
46 66
46 69
46 71
46 73
46 74
46 77
46 82
46 85
46 87
46 89
46 90
46 91
46 92
46 95
46 96
46 98
46 100
46 105
46 107
46 111
46 112
46 117
46 121
46 130
46 131
46 133
46 135
46 137
46 139
46 140
46 143
46 145
46 146
46 150
46 156
46 157
46 162
46 164
46 167
46 172
46 173
46 174
46 175
46 179
46 180
46 181
46 184
46 188
46 194
46 198
46 200
47 48
47 49
47 50
47 53
47 55
47 57
47 59
47 61
47 64
47 66
47 69
47 73
47 75
47 76
47 79
47 83
47 87
47 89
47 90
47 91
47 92
47 94
47 98
47 100
47 101
47 104
47 107
47 108
47 112
47 114
47 116
47 118
47 120
47 124
47 125
47 128
47 130
47 133
47 134
47 137
47 140
47 142
47 144
47 150
47 152
47 153
47 156
47 158
47 159
47 162
47 163
47 164
47 166
47 167
47 171
47 175
47 176
47 178
47 179
47 188
47 190
47 192
47 194
48 49
48 52
48 53
48 55
48 59
48 63
48 67
48 74
48 75
48 76
48 78
48 79
48 84
48 86
48 88
48 90
48 91
48 92
48 93
48 94
48 96
48 106
48 107
48 108
48 111
48 112
48 114
48 115
48 122
48 125
48 128
48 129
48 130
48 131
48 135
48 136
48 137
48 139
48 141
48 142
48 144
48 146
48 147
48 153
48 159
48 160
48 162
48 165
48 167
48 170
48 172
48 174
48 175
48 177
48 178
48 180
48 181
48 185
48 193
48 195
48 198
48 199
48 200
49 53
49 58
49 59
49 62
49 67
49 71
49 74
49 75
49 82
49 84
49 92
49 96
49 98
49 100
49 102
49 111
49 113
49 116
49 120
49 122
49 128
49 131
49 134
49 137
49 142
49 144
49 148
49 149
49 150
49 152
49 157
49 160
49 166
49 168
49 169
49 170
49 172
49 174
49 175
49 177
49 180
49 182
49 187
49 188
49 189
49 190
49 193
49 197
49 199
49 200
50 55
50 57
50 59
50 67
50 68
50 69
50 70
50 79
50 82
50 83
50 84
50 85
50 88
50 90
50 91
50 93
50 94
50 100
50 103
50 105
50 108
50 110
50 112
50 114
50 116
50 117
50 123
50 124
50 125
50 126
50 128
50 131
50 132
50 134
50 136
50 139
50 141
50 142
50 147
50 151
50 153
50 154
50 158
50 161
50 163
50 164
50 167
50 169
50 170
50 174
50 179
50 183
50 184
50 186
50 187
50 188
50 191
50 193
51 52
51 53
51 55
51 60
51 66
51 67
51 68
51 69
51 71
51 72
51 73
51 82
51 83
51 88
51 92
51 96
51 98
51 100
51 101
51 102
51 104
51 108
51 112
51 116
51 120
51 121
51 124
51 126
51 131
51 134
51 136
51 138
51 139
51 141
51 142
51 143
51 144
51 146
51 148
51 149
51 151
51 155
51 156
51 157
51 158
51 160
51 161
51 163
51 165
51 166
51 168
51 169
51 170
51 173
51 174
51 177
51 182
51 183
51 185
51 188
51 189
51 191
51 192
51 193
51 194
51 195
51 196
51 197
51 200
52 54
52 55
52 56
52 57
52 59
52 60
52 63
52 65
52 69
52 71
52 72
52 75
52 76
52 80
52 82
52 90
52 104
52 111
52 112
52 113
52 114
52 117
52 118
52 119
52 120
52 122
52 124
52 126
52 128
52 130
52 132
52 135
52 136
52 137
52 140
52 141
52 145
52 147
52 149
52 152
52 156
52 157
52 158
52 164
52 165
52 166
52 171
52 172
52 175
52 176
52 177
52 179
52 182
52 185
52 186
52 187
52 188
52 190
52 191
52 192
52 196
52 199
53 57
53 58
53 60
53 62
53 64
53 73
53 77
53 80
53 81
53 83
53 84
53 85
53 86
53 87
53 95
53 96
53 98
53 100
53 105
53 106
53 108
53 114
53 115
53 116
53 117
53 119
53 125
53 131
53 132
53 134
53 136
53 138
53 139
53 140
53 142
53 143
53 146
53 148
53 149
53 150
53 156
53 157
53 158
53 159
53 160
53 162
53 163
53 170
53 174
53 176
53 177
53 183
53 184
53 186
53 187
53 189
53 190
53 194
53 199
54 56
54 57
54 60
54 64
54 65
54 66
54 69
54 72
54 73
54 74
54 76
54 78
54 82
54 85
54 90
54 91
54 93
54 99
54 102
54 103
54 106
54 108
54 109
54 111
54 113
54 115
54 116
54 117
54 119
54 123
54 124
54 127
54 128
54 131
54 132
54 133
54 135
54 138
54 139
54 141
54 144
54 145
54 146
54 148
54 150
54 158
54 162
54 164
54 168
54 170
54 173
54 174
54 175
54 177
54 180
54 181
54 182
54 188
54 189
54 190
54 194
54 197
54 199
54 200
55 58
55 61
55 62
55 63
55 64
55 65
55 69
55 74
55 75
55 76
55 79
55 80
55 84
55 89
55 90
55 95
55 97
55 99
55 100
55 103
55 105
55 107
55 110
55 112
55 116
55 117
55 121
55 124
55 125
55 126
55 128
55 129
55 131
55 134
55 135
55 137
55 143
55 147
55 148
55 149
55 156
55 157
55 159
55 163
55 164
55 169
55 181
55 182
55 183
55 187
55 190
55 192
55 194
55 196
55 199
56 59
56 60
56 62
56 63
56 64
56 66
56 68
56 71
56 74
56 75
56 77
56 79
56 80
56 81
56 82
56 86
56 88
56 89
56 90
56 92
56 94
56 101
56 102
56 103
56 104
56 106
56 107
56 108
56 110
56 112
56 117
56 118
56 120
56 121
56 122
56 123
56 124
56 125
56 126
56 127
56 128
56 129
56 131
56 133
56 134
56 136
56 143
56 148
56 151
56 152
56 153
56 154
56 155
56 157
56 163
56 164
56 165
56 168
56 169
56 172
56 176
56 179
56 180
56 182
56 186
56 189
56 193
56 195
56 199
57 58
57 60
57 62
57 63
57 66
57 68
57 70
57 71
57 74
57 75
57 77
57 79
57 81
57 88
57 89
57 90
57 95
57 96
57 106
57 107
57 110
57 117
57 118
57 119
57 120
57 122
57 123
57 130
57 131
57 134
57 137
57 139
57 141
57 142
57 146
57 149
57 150
57 151
57 153
57 154
57 157
57 159
57 160
57 161
57 162
57 163
57 166
57 167
57 170
57 173
57 174
57 175
57 184
57 185
57 191
57 193
57 194
57 196
57 197
57 199
58 60
58 63
58 66
58 67
58 70
58 71
58 74
58 78
58 80
58 81
58 82
58 83
58 85
58 86
58 87
58 88
58 98
58 102
58 103
58 104
58 110
58 116
58 119
58 120
58 124
58 126
58 130
58 135
58 136
58 138
58 139
58 142
58 143
58 144
58 147
58 148
58 149
58 151
58 152
58 154
58 158
58 163
58 166
58 170
58 176
58 184
58 185
58 186
58 187
58 193
58 196
58 198
59 61
59 62
59 64
59 67
59 72
59 74
59 75
59 79
59 80
59 81
59 85
59 87
59 90
59 93
59 96
59 98
59 102
59 103
59 106
59 111
59 114
59 115
59 116
59 121
59 124
59 125
59 134
59 138
59 142
59 145
59 153
59 155
59 157
59 163
59 167
59 168
59 170
59 171
59 172
59 174
59 176
59 178
59 179
59 185
59 186
59 187
59 190
59 192
59 193
59 195
59 196
59 199
60 63
60 64
60 65
60 67
60 69
60 70
60 71
60 72
60 74
60 75
60 76
60 81
60 83
60 84
60 87
60 91
60 92
60 93
60 95
60 96
60 99
60 101
60 102
60 104
60 106
60 107
60 111
60 114
60 116
60 117
60 118
60 119
60 121
60 122
60 124
60 125
60 128
60 136
60 137
60 138
60 141
60 144
60 147
60 148
60 152
60 153
60 156
60 157
60 159
60 160
60 161
60 163
60 164
60 166
60 170
60 173
60 175
60 178
60 179
60 180
60 181
60 182
60 183
60 186
60 187
60 189
60 190
60 191
60 194
61 70
61 74
61 78
61 79
61 81
61 84
61 85
61 86
61 88
61 93
61 94
61 97
61 101
61 110
61 111
61 112
61 113
61 117
61 121
61 126
61 127
61 128
61 130
61 131
61 136
61 137
61 138
61 140
61 146
61 147
61 150
61 151
61 154
61 156
61 169
61 170
61 174
61 175
61 177
61 178
61 179
61 181
61 182
61 184
61 186
61 192
61 195
61 196
62 63
62 65
62 66
62 69
62 70
62 72
62 74
62 75
62 76
62 80
62 81
62 83
62 86
62 91
62 92
62 93
62 97
62 98
62 102
62 103
62 107
62 110
62 111
62 112
62 115
62 118
62 119
62 120
62 121
62 125
62 128
62 129
62 130
62 135
62 137
62 140
62 141
62 149
62 150
62 153
62 154
62 156
62 159
62 161
62 162
62 164
62 165
62 167
62 169
62 171
62 172
62 177
62 179
62 183
62 185
62 189
62 194
62 196
62 197
62 199
62 200
63 64
63 66
63 67
63 72
63 73
63 79
63 80
63 81
63 82
63 83
63 85
63 86
63 87
63 89
63 90
63 93
63 95
63 96
63 98
63 99
63 100
63 104
63 109
63 111
63 113
63 115
63 116
63 120
63 121
63 124
63 126
63 127
63 129
63 130
63 132
63 139
63 144
63 149
63 153
63 154
63 155
63 156
63 158
63 160
63 161
63 167
63 168
63 171
63 172
63 180
63 181
63 183
63 184
63 189
63 192
63 193
63 200
64 65
64 66
64 70
64 77
64 85
64 86
64 87
64 89
64 90
64 98
64 107
64 112
64 113
64 114
64 115
64 117
64 118
64 119
64 125
64 128
64 129
64 133
64 135
64 136
64 137
64 138
64 141
64 143
64 144
64 148
64 156
64 160
64 165
64 170
64 171
64 173
64 178
64 181
64 183
64 184
64 186
64 187
64 188
64 191
64 192
64 193
64 196
64 198
64 200
65 66
65 68
65 70
65 77
65 78
65 80
65 81
65 85
65 87
65 89
65 92
65 94
65 95
65 104
65 107
65 109
65 111
65 117
65 120
65 122
65 123
65 127
65 128
65 129
65 130
65 136
65 137
65 144
65 145
65 147
65 148
65 155
65 156
65 162
65 163
65 166
65 170
65 179
65 180
65 182
65 193
65 195
65 199
66 67
66 71
66 74
66 75
66 77
66 78
66 79
66 82
66 83
66 86
66 87
66 89
66 93
66 97
66 99
66 100
66 103
66 106
66 108
66 112
66 114
66 115
66 116
66 118
66 119
66 121
66 122
66 124
66 126
66 127
66 128
66 132
66 135
66 136
66 140
66 142
66 144
66 147
66 149
66 152
66 154
66 158
66 164
66 165
66 171
66 175
66 178
66 179
66 182
66 184
66 185
66 186
66 191
66 192
66 195
66 197
67 68
67 70
67 71
67 76
67 77
67 79
67 80
67 84
67 85
67 86
67 89
67 93
67 95
67 96
67 97
67 99
67 100
67 101
67 112
67 116
67 117
67 119
67 120
67 125
67 126
67 127
67 129
67 130
67 131
67 132
67 135
67 136
67 137
67 138
67 140
67 141
67 143
67 145
67 146
67 147
67 151
67 153
67 155
67 156
67 157
67 159
67 163
67 165
67 167
67 170
67 175
67 179
67 180
67 184
67 186
67 188
67 190
67 191
67 192
67 194
67 196
67 198
67 200
68 69
68 70
68 71
68 72
68 74
68 76
68 82
68 83
68 84
68 86
68 88
68 91
68 93
68 94
68 96
68 97
68 104
68 107
68 112
68 115
68 124
68 126
68 131
68 137
68 145
68 148
68 150
68 154
68 155
68 158
68 160
68 161
68 162
68 165
68 166
68 171
68 175
68 178
68 180
68 183
68 190
68 192
68 198
68 200
69 71
69 73
69 75
69 77
69 78
69 80
69 81
69 82
69 86
69 88
69 89
69 90
69 92
69 93
69 95
69 96
69 98
69 102
69 104
69 107
69 110
69 112
69 113
69 116
69 117
69 121
69 122
69 125
69 127
69 129
69 145
69 146
69 151
69 156
69 158
69 161
69 162
69 163
69 166
69 168
69 170
69 172
69 173
69 177
69 180
69 183
69 185
69 186
69 189
69 190
69 191
69 192
69 193
69 197
70 72
70 74
70 75
70 80
70 83
70 84
70 86
70 91
70 92
70 99
70 106
70 111
70 116
70 121
70 124
70 125
70 126
70 131
70 132
70 133
70 134
70 136
70 139
70 140
70 141
70 143
70 145
70 146
70 149
70 150
70 153
70 154
70 158
70 161
70 167
70 170
70 171
70 172
70 173
70 174
70 175
70 178
70 179
70 182
70 183
70 184
70 186
70 189
70 196
70 199
70 200
71 72
71 74
71 76
71 80
71 81
71 84
71 85
71 86
71 88
71 89
71 90
71 96
71 100
71 101
71 103
71 104
71 105
71 107
71 109
71 111
71 115
71 116
71 118
71 119
71 123
71 124
71 126
71 128
71 133
71 137
71 138
71 139
71 142
71 143
71 144
71 145
71 146
71 150
71 153
71 157
71 160
71 161
71 162
71 163
71 168
71 169
71 172
71 177
71 178
71 179
71 181
71 183
71 184
71 194
71 195
71 198
71 200
72 73
72 75
72 79
72 80
72 81
72 83
72 88
72 89
72 92
72 93
72 97
72 98
72 100
72 102
72 107
72 109
72 110
72 111
72 115
72 116
72 118
72 120
72 122
72 123
72 124
72 125
72 128
72 137
72 145
72 148
72 149
72 152
72 154
72 155
72 156
72 157
72 159
72 162
72 166
72 167
72 169
72 170
72 175
72 178
72 179
72 181
72 184
72 186
72 188
72 190
72 191
72 192
72 193
72 199
72 200
73 78
73 79
73 82
73 85
73 86
73 87
73 89
73 94
73 95
73 98
73 99
73 103
73 105
73 110
73 113
73 115
73 117
73 119
73 122
73 124
73 126
73 127
73 130
73 132
73 134
73 136
73 137
73 140
73 142
73 143
73 144
73 145
73 146
73 148
73 149
73 150
73 153
73 156
73 157
73 159
73 161
73 168
73 169
73 171
73 172
73 175
73 179
73 180
73 182
73 183
73 184
73 191
73 192
73 194
73 196
74 85
74 87
74 90
74 95
74 98
74 99
74 111
74 114
74 115
74 117
74 121
74 122
74 123
74 125
74 126
74 130
74 131
74 134
74 143
74 146
74 147
74 149
74 150
74 154
74 156
74 164
74 165
74 166
74 172
74 175
74 176
74 177
74 181
74 182
74 185
74 186
74 188
74 191
74 192
74 194
74 200
75 77
75 78
75 79
75 80
75 83
75 85
75 87
75 88
75 89
75 91
75 93
75 100
75 103
75 104
75 108
75 109
75 113
75 114
75 116
75 125
75 127
75 131
75 135
75 136
75 138
75 140
75 141
75 146
75 150
75 152
75 155
75 156
75 157
75 160
75 165
75 167
75 171
75 172
75 174
75 180
75 183
75 188
75 189
75 190
75 194
75 195
75 197
75 199
76 78
76 81
76 83
76 84
76 85
76 88
76 91
76 94
76 97
76 99
76 100
76 103
76 108
76 109
76 113
76 114
76 116
76 119
76 121
76 128
76 129
76 131
76 133
76 134
76 141
76 145
76 146
76 147
76 148
76 149
76 152
76 153
76 154
76 155
76 158
76 161
76 163
76 167
76 168
76 172
76 174
76 175
76 179
76 187
76 188
76 189
76 190
76 191
76 192
76 195
76 197
77 80
77 82
77 84
77 85
77 87
77 91
77 93
77 96
77 97
77 101
77 105
77 108
77 109
77 110
77 113
77 117
77 118
77 120
77 121
77 123
77 124
77 126
77 131
77 132
77 134
77 138
77 146
77 147
77 152
77 156
77 157
77 158
77 159
77 164
77 166
77 167
77 171
77 173
77 174
77 175
77 176
77 179
77 182
77 183
77 184
77 185
77 186
77 188
77 191
77 192
77 194
77 195
77 196
77 197
77 198
78 79
78 87
78 89
78 98
78 99
78 102
78 103
78 104
78 106
78 108
78 110
78 112
78 113
78 118
78 119
78 120
78 121
78 126
78 127
78 130
78 131
78 132
78 139
78 140
78 141
78 142
78 143
78 148
78 149
78 151
78 153
78 154
78 157
78 159
78 163
78 164
78 167
78 170
78 171
78 174
78 175
78 177
78 179
78 189
78 190
78 192
78 194
79 80
79 85
79 87
79 88
79 90
79 91
79 96
79 99
79 101
79 105
79 107
79 108
79 114
79 117
79 122
79 123
79 124
79 127
79 128
79 130
79 132
79 133
79 134
79 136
79 138
79 146
79 148
79 150
79 154
79 155
79 156
79 157
79 160
79 161
79 163
79 164
79 165
79 166
79 168
79 170
79 171
79 173
79 174
79 184
79 186
79 189
79 190
79 192
79 194
79 195
79 196
79 197
80 83
80 84
80 85
80 87
80 88
80 90
80 92
80 93
80 95
80 96
80 98
80 103
80 104
80 108
80 109
80 114
80 119
80 124
80 126
80 128
80 129
80 130
80 132
80 133
80 136
80 140
80 141
80 143
80 145
80 147
80 148
80 151
80 154
80 155
80 159
80 163
80 164
80 166
80 167
80 172
80 180
80 183
80 184
80 185
80 189
80 191
80 192
80 194
80 198
80 199
81 83
81 85
81 87
81 88
81 89
81 90
81 92
81 95
81 97
81 102
81 105
81 107
81 113
81 114
81 123
81 131
81 132
81 133
81 136
81 139
81 143
81 144
81 146
81 150
81 151
81 152
81 155
81 157
81 159
81 160
81 161
81 165
81 168
81 171
81 173
81 175
81 176
81 177
81 179
81 180
81 181
81 182
81 185
81 186
81 189
81 197
81 198
81 200
82 90
82 92
82 96
82 97
82 98
82 99
82 101
82 103
82 106
82 108
82 115
82 116
82 119
82 121
82 123
82 125
82 130
82 131
82 132
82 133
82 134
82 137
82 138
82 141
82 146
82 147
82 149
82 150
82 153
82 156
82 157
82 160
82 165
82 171
82 174
82 176
82 177
82 178
82 180
82 188
82 191
82 193
82 196
82 197
83 86
83 88
83 91
83 93
83 97
83 99
83 101
83 105
83 107
83 111
83 112
83 114
83 117
83 118
83 123
83 124
83 125
83 128
83 129
83 130
83 131
83 133
83 141
83 142
83 150
83 153
83 156
83 157
83 165
83 167
83 168
83 170
83 171
83 172
83 174
83 175
83 176
83 177
83 179
83 180
83 181
83 182
83 183
83 184
83 188
83 191
83 192
83 193
83 194
83 196
84 87
84 88
84 89
84 90
84 95
84 100
84 103
84 105
84 108
84 109
84 110
84 114
84 116
84 119
84 120
84 121
84 124
84 125
84 126
84 127
84 129
84 130
84 131
84 135
84 138
84 147
84 148
84 149
84 151
84 157
84 160
84 161
84 162
84 171
84 172
84 173
84 176
84 177
84 179
84 182
84 184
84 185
84 189
84 190
84 193
84 194
84 197
84 199
84 200
85 87
85 88
85 89
85 90
85 92
85 93
85 94
85 95
85 96
85 101
85 102
85 103
85 104
85 109
85 111
85 115
85 116
85 117
85 121
85 123
85 132
85 138
85 142
85 143
85 145
85 147
85 148
85 149
85 150
85 151
85 153
85 156
85 158
85 163
85 165
85 167
85 168
85 171
85 175
85 176
85 177
85 179
85 181
85 182
85 185
85 186
85 187
85 190
85 192
85 193
85 194
85 198
85 200
86 89
86 90
86 91
86 97
86 100
86 101
86 108
86 109
86 111
86 113
86 114
86 116
86 117
86 119
86 122
86 125
86 133
86 134
86 135
86 139
86 143
86 145
86 146
86 147
86 148
86 152
86 154
86 156
86 163
86 166
86 169
86 174
86 180
86 181
86 186
86 188
86 190
86 194
86 197
86 199
86 200
87 88
87 90
87 92
87 96
87 106
87 109
87 110
87 114
87 115
87 117
87 120
87 122
87 124
87 127
87 137
87 138
87 139
87 140
87 141
87 145
87 148
87 152
87 155
87 157
87 159
87 162
87 163
87 164
87 168
87 171
87 173
87 178
87 180
87 181
87 182
87 184
87 187
87 189
87 196
87 197
87 198
88 93
88 94
88 95
88 96
88 100
88 103
88 105
88 107
88 110
88 112
88 115
88 119
88 121
88 123
88 124
88 126
88 128
88 129
88 130
88 134
88 135
88 136
88 139
88 140
88 143
88 144
88 145
88 146
88 151
88 152
88 155
88 159
88 161
88 165
88 168
88 169
88 170
88 171
88 178
88 180
88 186
88 187
88 193
88 194
88 195
88 199
88 200
89 90
89 93
89 97
89 99
89 100
89 101
89 104
89 105
89 107
89 108
89 110
89 111
89 114
89 119
89 120
89 121
89 127
89 128
89 130
89 131
89 135
89 136
89 138
89 139
89 142
89 144
89 145
89 149
89 151
89 152
89 153
89 155
89 163
89 168
89 170
89 171
89 172
89 175
89 178
89 180
89 189
89 196
89 197
89 198
89 200
90 91
90 94
90 97
90 99
90 102
90 105
90 107
90 108
90 113
90 114
90 117
90 121
90 124
90 125
90 126
90 129
90 136
90 139
90 145
90 146
90 147
90 152
90 154
90 156
90 157
90 158
90 159
90 160
90 161
90 162
90 163
90 166
90 167
90 168
90 173
90 176
90 182
90 185
90 187
90 191
90 192
90 194
90 195
90 196
91 92
91 93
91 94
91 97
91 99
91 100
91 102
91 104
91 105
91 108
91 110
91 112
91 116
91 118
91 120
91 122
91 125
91 127
91 130
91 132
91 133
91 146
91 149
91 153
91 155
91 159
91 163
91 170
91 171
91 172
91 173
91 174
91 178
91 182
91 183
91 186
91 189
91 192
91 195
91 199
92 93
92 94
92 97
92 99
92 100
92 107
92 108
92 110
92 112
92 114
92 116
92 118
92 123
92 124
92 127
92 132
92 135
92 136
92 144
92 145
92 146
92 150
92 151
92 152
92 155
92 159
92 165
92 166
92 167
92 175
92 179
92 180
92 182
92 185
92 189
92 193
92 200
93 96
93 97
93 99
93 100
93 101
93 102
93 105
93 107
93 108
93 111
93 112
93 113
93 117
93 125
93 126
93 128
93 129
93 130
93 132
93 136
93 137
93 138
93 139
93 141
93 142
93 144
93 146
93 148
93 149
93 150
93 151
93 155
93 158
93 159
93 160
93 162
93 163
93 167
93 168
93 172
93 174
93 175
93 177
93 181
93 193
93 196
93 197
94 97
94 98
94 99
94 100
94 101
94 102
94 104
94 105
94 106
94 110
94 112
94 113
94 115
94 117
94 118
94 119
94 120
94 125
94 126
94 129
94 133
94 134
94 137
94 138
94 139
94 140
94 142
94 146
94 147
94 149
94 150
94 151
94 153
94 154
94 155
94 156
94 159
94 160
94 161
94 162
94 164
94 169
94 176
94 180
94 183
94 185
94 186
94 187
94 188
94 190
94 191
94 192
94 193
94 195
94 196
94 199
95 96
95 97
95 99
95 103
95 104
95 105
95 109
95 114
95 115
95 117
95 118
95 122
95 123
95 128
95 129
95 136
95 141
95 146
95 149
95 150
95 151
95 152
95 154
95 156
95 157
95 158
95 161
95 162
95 163
95 164
95 169
95 171
95 172
95 179
95 186
95 187
95 188
95 189
95 190
95 191
95 192
95 194
95 195
95 196
95 200
96 97
96 101
96 105
96 110
96 117
96 120
96 124
96 125
96 127
96 129
96 130
96 132
96 134
96 136
96 137
96 138
96 142
96 144
96 145
96 146
96 147
96 148
96 150
96 152
96 153
96 154
96 155
96 157
96 158
96 159
96 162
96 164
96 166
96 169
96 170
96 172
96 173
96 174
96 175
96 178
96 179
96 180
96 181
96 185
96 191
96 192
96 196
96 198
96 199
97 99
97 100
97 105
97 106
97 109
97 110
97 112
97 116
97 117
97 124
97 125
97 128
97 133
97 137
97 138
97 142
97 143
97 145
97 147
97 150
97 153
97 155
97 157
97 161
97 162
97 165
97 167
97 168
97 171
97 173
97 174
97 178
97 183
97 187
97 189
97 191
97 192
97 195
97 197
97 198
97 199
98 99
98 100
98 101
98 107
98 109
98 115
98 116
98 119
98 122
98 125
98 127
98 128
98 129
98 132
98 134
98 138
98 140
98 142
98 144
98 145
98 152
98 161
98 167
98 168
98 169
98 171
98 175
98 178
98 185
98 190
98 195
98 200
99 101
99 103
99 104
99 105
99 109
99 110
99 112
99 113
99 115
99 116
99 117
99 118
99 119
99 121
99 122
99 124
99 125
99 126
99 127
99 139
99 143
99 144
99 145
99 147
99 148
99 152
99 155
99 159
99 162
99 163
99 166
99 167
99 169
99 171
99 172
99 175
99 178
99 179
99 186
99 188
99 190
99 192
99 197
99 198
100 101
100 102
100 103
100 104
100 107
100 109
100 111
100 112
100 113
100 114
100 115
100 116
100 120
100 122
100 126
100 127
100 128
100 133
100 135
100 137
100 139
100 141
100 151
100 152
100 153
100 154
100 156
100 157
100 160
100 162
100 163
100 164
100 165
100 167
100 176
100 177
100 178
100 181
100 186
100 189
100 191
100 192
100 193
100 194
100 195
100 196
100 198
100 199
101 103
101 104
101 105
101 106
101 107
101 108
101 111
101 117
101 118
101 122
101 128
101 129
101 131
101 132
101 135
101 136
101 137
101 144
101 145
101 146
101 150
101 153
101 162
101 164
101 167
101 168
101 171
101 173
101 179
101 181
101 185
101 188
101 192
101 194
101 195
101 196
101 197
102 107
102 108
102 109
102 112
102 113
102 114
102 120
102 121
102 124
102 126
102 128
102 132
102 133
102 136
102 142
102 146
102 156
102 158
102 161
102 162
102 163
102 168
102 169
102 170
102 171
102 172
102 173
102 179
102 180
102 181
102 186
102 188
102 190
102 193
102 196
102 198
102 200
103 108
103 114
103 116
103 117
103 122
103 123
103 129
103 131
103 132
103 134
103 140
103 144
103 145
103 146
103 148
103 149
103 156
103 157
103 158
103 160
103 162
103 166
103 169
103 172
103 188
103 190
103 193
103 198
103 199
103 200
104 105
104 107
104 110
104 111
104 113
104 114
104 115
104 116
104 118
104 120
104 122
104 123
104 124
104 126
104 127
104 129
104 131
104 133
104 135
104 138
104 139
104 142
104 146
104 147
104 149
104 150
104 151
104 153
104 157
104 159
104 164
104 165
104 166
104 167
104 173
104 174
104 175
104 177
104 178
104 181
104 184
104 186
104 187
104 188
104 190
104 191
104 197
104 198
105 111
105 112
105 113
105 114
105 116
105 119
105 120
105 122
105 124
105 126
105 127
105 128
105 131
105 133
105 134
105 135
105 139
105 141
105 143
105 145
105 146
105 156
105 160
105 162
105 165
105 167
105 169
105 180
105 184
105 189
105 196
106 107
106 108
106 109
106 115
106 120
106 121
106 123
106 125
106 126
106 127
106 129
106 131
106 133
106 136
106 137
106 138
106 140
106 145
106 146
106 147
106 149
106 150
106 151
106 153
106 157
106 158
106 162
106 163
106 166
106 167
106 169
106 175
106 177
106 182
106 185
106 186
106 187
106 189
106 197
107 110
107 113
107 114
107 119
107 120
107 121
107 122
107 125
107 128
107 133
107 137
107 140
107 142
107 143
107 144
107 145
107 146
107 147
107 149
107 150
107 151
107 154
107 156
107 157
107 159
107 165
107 169
107 174
107 178
107 179
107 183
107 189
107 192
107 193
107 195
107 196
107 197
107 198
107 199
107 200
108 113
108 116
108 121
108 123
108 125
108 130
108 136
108 138
108 139
108 143
108 147
108 149
108 150
108 151
108 152
108 153
108 154
108 156
108 157
108 162
108 164
108 167
108 169
108 171
108 176
108 178
108 181
108 183
108 186
108 191
108 193
108 195
108 197
108 198
109 113
109 117
109 118
109 121
109 131
109 133
109 137
109 140
109 141
109 142
109 148
109 153
109 155
109 156
109 161
109 165
109 166
109 167
109 169
109 170
109 172
109 175
109 178
109 180
109 181
109 184
109 185
109 189
109 194
109 196
109 198
109 199
110 112
110 113
110 114
110 115
110 116
110 119
110 122
110 123
110 125
110 126
110 129
110 132
110 135
110 137
110 142
110 143
110 148
110 150
110 157
110 159
110 160
110 163
110 164
110 172
110 176
110 179
110 180
110 181
110 183
110 192
110 195
110 199
111 114
111 117
111 124
111 127
111 130
111 134
111 136
111 138
111 142
111 143
111 146
111 147
111 149
111 150
111 153
111 154
111 156
111 162
111 165
111 166
111 167
111 168
111 170
111 172
111 178
111 179
111 180
111 185
111 188
111 189
111 191
111 194
111 200
112 114
112 117
112 120
112 121
112 122
112 125
112 126
112 127
112 129
112 132
112 133
112 134
112 138
112 139
112 140
112 143
112 144
112 148
112 150
112 151
112 152
112 155
112 156
112 157
112 158
112 160
112 166
112 176
112 180
112 182
112 188
112 191
112 192
112 195
112 198
112 199
112 200
113 115
113 118
113 119
113 121
113 125
113 136
113 137
113 140
113 141
113 143
113 145
113 146
113 149
113 153
113 155
113 156
113 163
113 165
113 166
113 169
113 170
113 172
113 174
113 175
113 176
113 177
113 178
113 179
113 180
113 187
113 188
113 193
113 195
113 197
113 198
113 199
114 121
114 122
114 124
114 126
114 127
114 128
114 131
114 132
114 135
114 138
114 143
114 145
114 147
114 151
114 152
114 159
114 160
114 161
114 162
114 169
114 170
114 177
114 179
114 180
114 184
114 187
114 188
114 195
114 196
114 200
115 117
115 120
115 121
115 122
115 123
115 124
115 125
115 126
115 128
115 131
115 134
115 136
115 137
115 139
115 140
115 141
115 143
115 144
115 147
115 148
115 152
115 153
115 157
115 158
115 159
115 160
115 164
115 167
115 169
115 172
115 174
115 177
115 181
115 182
115 185
115 190
115 191
115 194
115 196
115 197
115 198
115 200
116 121
116 122
116 124
116 127
116 129
116 130
116 131
116 132
116 134
116 135
116 141
116 143
116 147
116 150
116 152
116 154
116 156
116 164
116 166
116 174
116 176
116 178
116 180
116 182
116 184
116 185
116 186
116 191
116 192
116 193
116 194
116 195
116 197
117 121
117 125
117 126
117 127
117 128
117 129
117 130
117 134
117 137
117 139
117 145
117 146
117 148
117 149
117 150
117 151
117 152
117 154
117 156
117 158
117 159
117 162
117 170
117 171
117 173
117 174
117 178
117 179
117 181
117 182
117 183
117 187
117 188
117 190
117 191
117 194
117 200
118 123
118 124
118 129
118 132
118 134
118 135
118 138
118 139
118 140
118 142
118 144
118 146
118 147
118 148
118 149
118 152
118 156
118 158
118 167
118 170
118 171
118 178
118 181
118 189
118 190
118 191
118 194
118 196
118 200
119 120
119 121
119 122
119 123
119 125
119 126
119 133
119 135
119 136
119 138
119 143
119 144
119 149
119 151
119 154
119 156
119 157
119 158
119 159
119 161
119 166
119 170
119 172
119 177
119 179
119 181
119 182
119 186
119 187
119 188
119 192
119 194
119 196
119 197
119 199
120 124
120 131
120 132
120 134
120 138
120 139
120 145
120 147
120 149
120 150
120 152
120 153
120 155
120 156
120 157
120 159
120 160
120 162
120 168
120 170
120 171
120 172
120 173
120 174
120 175
120 176
120 178
120 181
120 182
120 183
120 193
120 198
121 123
121 130
121 133
121 134
121 135
121 136
121 137
121 138
121 142
121 145
121 146
121 148
121 156
121 159
121 170
121 171
121 174
121 176
121 177
121 185
121 190
121 193
121 194
121 196
121 198
122 124
122 125
122 126
122 128
122 132
122 133
122 135
122 140
122 142
122 148
122 154
122 160
122 161
122 162
122 165
122 175
122 177
122 178
122 179
122 182
122 183
122 184
122 185
122 190
122 191
122 195
123 126
123 129
123 130
123 133
123 135
123 136
123 137
123 138
123 139
123 142
123 147
123 154
123 155
123 156
123 157
123 159
123 162
123 163
123 168
123 170
123 174
123 175
123 176
123 179
123 182
123 184
123 185
123 198
123 200
124 125
124 128
124 136
124 138
124 141
124 143
124 144
124 146
124 148
124 149
124 151
124 153
124 154
124 155
124 156
124 157
124 158
124 159
124 166
124 167
124 168
124 173
124 174
124 179
124 180
124 181
124 184
124 185
124 187
124 188
124 189
124 194
124 196
124 197
124 198
124 199
124 200
125 128
125 132
125 134
125 138
125 139
125 150
125 151
125 153
125 154
125 163
125 164
125 172
125 173
125 174
125 177
125 179
125 180
125 181
125 186
125 187
125 189
125 190
125 191
125 193
125 198
126 127
126 131
126 132
126 138
126 140
126 143
126 146
126 148
126 150
126 152
126 153
126 154
126 155
126 156
126 161
126 166
126 169
126 170
126 172
126 173
126 179
126 180
126 182
126 183
126 184
126 191
126 197
127 134
127 143
127 146
127 150
127 153
127 154
127 157
127 160
127 167
127 168
127 173
127 176
127 179
127 180
127 188
127 190
127 193
127 194
127 200
128 129
128 132
128 133
128 135
128 139
128 140
128 141
128 143
128 149
128 150
128 151
128 154
128 156
128 157
128 158
128 159
128 161
128 162
128 165
128 167
128 170
128 171
128 172
128 176
128 177
128 181
128 185
128 187
128 190
128 192
128 199
129 130
129 133
129 136
129 137
129 139
129 142
129 143
129 144
129 145
129 147
129 149
129 152
129 153
129 156
129 159
129 161
129 164
129 165
129 168
129 170
129 172
129 174
129 180
129 181
129 182
129 184
129 187
129 191
129 194
129 195
130 134
130 136
130 137
130 138
130 140
130 144
130 148
130 150
130 151
130 157
130 158
130 159
130 161
130 166
130 168
130 169
130 171
130 176
130 183
130 189
130 190
130 194
130 200
131 132
131 135
131 137
131 139
131 142
131 144
131 145
131 146
131 147
131 148
131 149
131 156
131 159
131 161
131 162
131 164
131 165
131 168
131 170
131 171
131 174
131 176
131 179
131 185
131 188
131 189
131 190
131 191
131 192
131 193
131 196
131 199
132 136
132 137
132 139
132 141
132 142
132 145
132 146
132 147
132 148
132 151
132 152
132 155
132 164
132 165
132 166
132 167
132 172
132 173
132 174
132 175
132 176
132 180
132 181
132 182
132 184
132 186
132 190
132 191
132 193
132 199
133 135
133 141
133 142
133 145
133 150
133 151
133 153
133 154
133 155
133 160
133 166
133 171
133 173
133 175
133 176
133 178
133 188
133 191
133 194
133 196
133 198
133 200
134 135
134 138
134 139
134 141
134 146
134 149
134 150
134 151
134 152
134 154
134 156
134 157
134 158
134 162
134 163
134 164
134 165
134 166
134 167
134 168
134 169
134 178
134 185
134 188
134 191
134 192
134 194
134 197
134 199
135 136
135 142
135 143
135 148
135 152
135 153
135 158
135 159
135 161
135 162
135 163
135 171
135 172
135 174
135 177
135 180
135 182
135 183
135 185
135 189
135 190
135 191
135 192
135 193
135 194
135 195
135 198
135 200
136 140
136 145
136 146
136 147
136 148
136 151
136 152
136 155
136 158
136 159
136 160
136 163
136 165
136 170
136 171
136 173
136 175
136 176
136 177
136 180
136 181
136 182
136 186
136 189
136 192
136 194
136 195
136 200
137 142
137 146
137 147
137 148
137 154
137 155
137 159
137 161
137 164
137 168
137 170
137 171
137 174
137 179
137 180
137 181
137 182
137 183
137 184
137 189
137 198
138 139
138 140
138 142
138 154
138 155
138 156
138 157
138 158
138 159
138 161
138 162
138 165
138 166
138 167
138 173
138 174
138 175
138 178
138 181
138 187
138 190
138 191
138 196
138 197
138 198
139 140
139 143
139 144
139 146
139 149
139 150
139 152
139 153
139 155
139 158
139 162
139 163
139 169
139 173
139 175
139 176
139 181
139 183
139 185
139 188
139 189
139 190
139 192
139 195
139 196
139 199
139 200
140 141
140 146
140 147
140 148
140 149
140 151
140 152
140 155
140 159
140 161
140 168
140 169
140 170
140 171
140 173
140 175
140 178
140 182
140 190
140 191
140 192
140 193
140 194
140 197
140 198
140 199
140 200
141 145
141 146
141 147
141 149
141 150
141 155
141 158
141 159
141 160
141 161
141 163
141 164
141 165
141 167
141 172
141 173
141 176
141 178
141 182
141 183
141 184
141 188
141 189
141 190
141 192
141 195
141 200
142 144
142 152
142 153
142 158
142 167
142 174
142 176
142 177
142 178
142 179
142 186
142 188
142 189
142 192
142 194
142 196
142 198
142 199
143 146
143 151
143 152
143 163
143 166
143 171
143 173
143 174
143 175
143 176
143 180
143 187
144 146
144 151
144 152
144 154
144 159
144 163
144 166
144 167
144 168
144 169
144 170
144 176
144 179
144 180
144 181
144 188
144 196
144 199
144 200
145 148
145 153
145 156
145 161
145 165
145 167
145 171
145 172
145 178
145 180
145 181
145 183
145 186
145 192
145 197
145 199
146 148
146 150
146 152
146 153
146 156
146 157
146 158
146 163
146 164
146 169
146 171
146 173
146 176
146 181
146 188
146 195
146 199
147 150
147 151
147 152
147 154
147 156
147 158
147 160
147 161
147 162
147 163
147 172
147 173
147 181
147 183
147 184
147 186
147 189
147 190
147 193
147 195
147 196
147 198
148 151
148 152
148 154
148 167
148 170
148 171
148 175
148 176
148 179
148 180
148 181
148 182
148 183
148 184
148 186
148 187
148 188
148 189
148 191
148 192
148 193
148 194
148 198
149 162
149 168
149 169
149 172
149 175
149 183
149 184
149 187
149 190
149 191
149 195
150 151
150 152
150 154
150 156
150 157
150 158
150 159
150 161
150 167
150 171
150 172
150 173
150 174
150 176
150 177
150 178
150 179
150 182
150 183
150 186
150 189
150 190
150 191
150 192
150 196
150 198
150 199
151 153
151 154
151 155
151 156
151 159
151 160
151 162
151 164
151 166
151 167
151 170
151 174
151 175
151 176
151 178
151 183
151 184
151 185
151 193
151 194
151 196
151 197
151 198
151 199
152 154
152 158
152 161
152 163
152 174
152 180
152 186
152 189
152 191
152 193
152 194
152 196
153 156
153 157
153 159
153 160
153 164
153 165
153 166
153 168
153 169
153 171
153 174
153 181
153 182
153 184
153 187
153 188
153 195
153 196
153 197
153 198
153 200
154 156
154 163
154 164
154 167
154 170
154 172
154 174
154 175
154 177
154 178
154 179
154 181
154 185
154 188
154 190
154 191
154 192
154 196
154 197
154 199
155 157
155 158
155 159
155 160
155 161
155 165
155 167
155 170
155 171
155 173
155 174
155 175
155 176
155 178
155 179
155 182
155 184
155 185
155 188
155 193
155 196
155 199
156 157
156 158
156 164
156 166
156 169
156 171
156 173
156 175
156 176
156 178
156 179
156 181
156 183
156 184
156 185
156 187
156 190
156 191
156 193
156 194
156 198
156 200
157 158
157 159
157 160
157 161
157 165
157 166
157 168
157 169
157 180
157 184
157 188
157 192
157 196
157 197
157 198
158 159
158 161
158 162
158 163
158 171
158 173
158 179
158 181
158 183
158 186
158 188
158 193
158 194
158 199
158 200
159 166
159 167
159 170
159 173
159 175
159 178
159 181
159 183
159 184
159 186
159 191
159 197
160 161
160 164
160 166
160 168
160 172
160 173
160 181
160 185
160 189
160 190
160 192
160 195
160 196
160 197
161 162
161 164
161 167
161 168
161 170
161 171
161 173
161 176
161 181
161 182
161 183
161 185
161 188
161 193
161 197
161 198
161 199
161 200
162 167
162 170
162 171
162 173
162 176
162 181
162 184
162 187
162 189
162 193
162 194
162 197
162 198
162 199
162 200
163 168
163 173
163 174
163 178
163 182
163 185
163 187
163 189
163 193
163 197
163 198
163 200
164 166
164 171
164 173
164 174
164 176
164 177
164 185
164 186
164 187
164 189
164 194
164 198
164 200
165 167
165 169
165 170
165 171
165 176
165 177
165 179
165 181
165 183
165 184
165 190
165 191
165 193
165 195
165 196
165 197
165 200
166 168
166 169
166 176
166 177
166 182
166 183
166 188
166 191
166 193
166 194
167 168
167 169
167 170
167 173
167 174
167 182
167 186
167 187
167 188
167 189
167 191
167 192
167 197
167 199
168 171
168 174
168 179
168 183
168 189
168 191
168 193
168 195
168 199
168 200
169 171
169 173
169 175
169 177
169 181
169 185
169 186
169 188
169 189
169 193
169 198
169 199
170 176
170 177
170 178
170 179
170 185
170 189
170 196
170 197
170 198
171 176
171 178
171 180
171 182
171 186
171 188
171 191
171 194
171 198
172 174
172 176
172 177
172 178
172 180
172 181
172 182
172 184
172 186
172 187
172 188
172 189
172 190
172 193
172 194
172 197
172 198
172 199
172 200
173 178
173 180
173 181
173 183
173 191
173 194
173 196
173 199
173 200
174 175
174 192
174 193
174 196
174 200
175 177
175 178
175 179
175 183
175 184
175 187
175 192
175 193
175 196
175 197
175 200
176 180
176 183
176 184
176 185
176 189
176 193
176 195
176 198
176 200
177 179
177 181
177 183
177 185
177 186
177 187
177 189
177 190
177 196
177 197
177 198
177 199
178 179
178 182
178 183
178 185
178 187
178 189
178 190
178 191
178 193
178 198
179 183
179 184
179 186
179 189
179 191
179 195
179 200
180 181
180 183
180 185
180 188
180 189
180 190
180 191
180 196
181 183
181 186
181 189
181 190
181 192
181 194
181 196
181 198
181 199
181 200
182 186
182 187
182 188
182 189
182 190
182 195
182 197
182 199
183 186
183 187
183 188
183 189
183 192
183 194
183 195
183 196
183 200
184 192
184 194
184 195
184 197
184 200
185 188
185 189
185 190
185 197
185 200
186 188
186 191
186 192
186 194
186 197
186 198
186 199
186 200
187 188
187 191
187 192
187 198
187 199
187 200
188 189
188 191
188 193
188 194
188 197
188 198
189 190
189 191
189 192
189 195
189 196
189 197
189 198
190 191
190 200
191 192
191 193
191 195
191 196
191 197
191 200
192 193
192 196
192 197
192 199
192 200
193 194
193 195
193 198
193 200
194 195
194 196
194 198
194 199
195 196
195 198
195 199
197 198
197 199
197 200
198 199
198 200
