1 2
1 3
1 4
1 7
1 8
1 10
1 14
1 15
1 16
1 20
1 21
1 22
1 27
1 28
1 30
1 31
1 34
1 35
1 36
1 37
1 38
1 39
1 42
1 47
1 49
1 50
1 51
1 54
1 57
1 58
1 59
1 60
1 62
1 64
1 65
1 66
1 67
2 4
2 5
2 6
2 8
2 9
2 14
2 15
2 16
2 19
2 20
2 22
2 25
2 26
2 28
2 29
2 31
2 32
2 34
2 35
2 38
2 39
2 42
2 45
2 47
2 48
2 49
2 50
2 53
2 55
2 60
2 61
2 63
2 65
2 69
3 4
3 5
3 6
3 8
3 10
3 13
3 15
3 17
3 18
3 19
3 20
3 23
3 24
3 27
3 33
3 35
3 40
3 41
3 42
3 45
3 47
3 48
3 50
3 52
3 59
3 61
3 62
3 63
3 64
3 65
3 66
3 67
3 68
3 70
4 7
4 8
4 13
4 15
4 16
4 28
4 30
4 32
4 33
4 34
4 36
4 41
4 44
4 47
4 48
4 50
4 51
4 54
4 55
4 56
4 57
4 58
4 59
4 61
4 62
4 68
4 69
4 70
5 7
5 8
5 9
5 10
5 11
5 12
5 13
5 14
5 15
5 16
5 17
5 18
5 20
5 22
5 23
5 24
5 25
5 28
5 29
5 31
5 32
5 34
5 35
5 36
5 37
5 38
5 39
5 41
5 45
5 46
5 49
5 51
5 52
5 53
5 56
5 57
5 59
5 60
5 61
5 62
5 64
5 65
5 69
5 70
6 13
6 15
6 17
6 18
6 20
6 21
6 22
6 23
6 24
6 26
6 27
6 29
6 30
6 31
6 34
6 35
6 36
6 38
6 39
6 40
6 41
6 42
6 43
6 44
6 45
6 47
6 48
6 53
6 55
6 56
6 57
6 58
6 59
6 60
6 61
6 62
6 63
6 65
6 66
6 67
6 68
7 14
7 17
7 21
7 22
7 24
7 25
7 27
7 32
7 33
7 34
7 40
7 41
7 42
7 44
7 46
7 47
7 48
7 53
7 54
7 56
7 57
7 60
7 65
7 67
7 69
8 9
8 10
8 14
8 17
8 18
8 19
8 21
8 24
8 27
8 28
8 29
8 30
8 32
8 33
8 34
8 35
8 38
8 41
8 42
8 44
8 46
8 48
8 50
8 51
8 52
8 58
8 60
8 62
8 63
8 64
8 65
8 66
8 67
8 68
8 69
9 11
9 12
9 15
9 16
9 18
9 23
9 24
9 26
9 27
9 28
9 30
9 34
9 35
9 40
9 42
9 45
9 48
9 49
9 52
9 54
9 55
9 56
9 57
9 61
9 64
9 65
9 66
9 69
9 70
10 11
10 13
10 15
10 17
10 20
10 21
10 22
10 23
10 24
10 25
10 26
10 28
10 29
10 32
10 33
10 34
10 38
10 39
10 40
10 42
10 43
10 45
10 49
10 53
10 58
10 59
10 60
10 61
10 62
10 63
10 65
10 67
10 68
11 12
11 13
11 14
11 16
11 19
11 20
11 29
11 30
11 32
11 34
11 35
11 39
11 42
11 43
11 45
11 46
11 47
11 48
11 49
11 52
11 56
11 58
11 59
11 61
11 64
11 68
11 70
12 13
12 14
12 15
12 16
12 18
12 20
12 21
12 22
12 25
12 28
12 30
12 34
12 35
12 37
12 38
12 41
12 43
12 45
12 48
12 50
12 51
12 53
12 54
12 55
12 57
12 60
12 61
12 62
12 68
12 69
12 70
13 15
13 16
13 17
13 18
13 19
13 22
13 23
13 25
13 28
13 31
13 32
13 35
13 36
13 37
13 40
13 41
13 45
13 47
13 51
13 52
13 54
13 59
13 63
13 67
13 69
13 70
14 16
14 18
14 19
14 22
14 24
14 25
14 27
14 30
14 31
14 32
14 34
14 40
14 41
14 46
14 48
14 49
14 52
14 53
14 61
14 62
14 64
14 65
14 68
14 70
15 17
15 19
15 22
15 23
15 26
15 27
15 31
15 32
15 36
15 37
15 38
15 39
15 43
15 45
15 47
15 49
15 53
15 55
15 56
15 57
15 58
15 61
15 66
15 68
15 70
16 17
16 19
16 20
16 21
16 24
16 26
16 27
16 28
16 32
16 35
16 37
16 38
16 41
16 42
16 45
16 48
16 55
16 56
16 62
16 63
16 66
16 67
16 70
17 18
17 19
17 20
17 21
17 22
17 24
17 25
17 31
17 32
17 36
17 37
17 45
17 47
17 48
17 49
17 50
17 51
17 61
17 62
17 64
17 68
17 70
18 19
18 22
18 25
18 27
18 28
18 29
18 30
18 32
18 33
18 35
18 37
18 38
18 39
18 41
18 43
18 45
18 46
18 48
18 50
18 51
18 57
18 58
18 63
18 65
18 66
18 70
19 20
19 21
19 26
19 27
19 28
19 32
19 33
19 38
19 41
19 42
19 43
19 46
19 47
19 50
19 51
19 52
19 53
19 54
19 55
19 56
19 57
19 60
19 62
19 63
19 68
19 69
19 70
20 24
20 26
20 28
20 29
20 30
20 31
20 32
20 33
20 34
20 35
20 36
20 37
20 39
20 41
20 43
20 45
20 47
20 49
20 50
20 52
20 53
20 54
20 55
20 56
20 57
20 63
20 64
20 65
20 68
20 69
20 70
21 22
21 23
21 24
21 32
21 36
21 37
21 39
21 42
21 44
21 45
21 46
21 47
21 48
21 50
21 51
21 55
21 59
21 61
21 62
21 64
21 67
21 68
21 69
21 70
22 23
22 25
22 26
22 28
22 30
22 40
22 41
22 42
22 44
22 45
22 46
22 47
22 49
22 51
22 52
22 54
22 56
22 59
22 60
22 61
22 62
22 65
22 66
22 67
22 68
22 70
23 24
23 27
23 29
23 30
23 34
23 36
23 38
23 39
23 40
23 41
23 44
23 48
23 54
23 55
23 56
23 57
23 59
23 60
23 61
23 65
23 67
23 68
23 69
23 70
24 26
24 28
24 29
24 30
24 31
24 32
24 33
24 35
24 36
24 38
24 40
24 45
24 47
24 53
24 54
24 58
24 59
24 60
24 64
24 70
25 27
25 34
25 35
25 36
25 38
25 39
25 40
25 41
25 42
25 43
25 45
25 49
25 51
25 53
25 55
25 56
25 58
25 60
25 62
25 63
25 64
25 67
25 68
25 69
25 70
26 27
26 29
26 30
26 33
26 34
26 35
26 38
26 41
26 42
26 43
26 45
26 47
26 50
26 52
26 55
26 58
26 60
26 61
26 63
26 66
26 68
26 69
26 70
27 29
27 32
27 33
27 38
27 41
27 42
27 44
27 45
27 46
27 50
27 51
27 56
27 57
27 58
27 59
27 61
27 63
27 68
27 69
27 70
28 31
28 33
28 35
28 37
28 38
28 40
28 41
28 42
28 43
28 45
28 48
28 51
28 52
28 53
28 55
28 57
28 59
28 61
28 64
28 66
28 70
29 30
29 31
29 32
29 33
29 36
29 37
29 40
29 41
29 42
29 44
29 45
29 52
29 53
29 54
29 57
29 60
29 62
29 63
29 64
29 65
29 69
30 38
30 40
30 41
30 43
30 48
30 49
30 51
30 54
30 56
30 57
30 58
30 59
30 62
30 64
30 65
30 66
31 32
31 33
31 35
31 36
31 37
31 38
31 39
31 40
31 44
31 45
31 46
31 47
31 48
31 50
31 51
31 55
31 56
31 57
31 58
31 64
31 65
31 68
31 69
31 70
32 35
32 36
32 37
32 38
32 39
32 40
32 43
32 44
32 45
32 50
32 51
32 52
32 53
32 56
32 57
32 58
32 59
32 60
32 61
32 62
32 65
32 66
32 67
32 68
32 69
32 70
33 35
33 37
33 38
33 39
33 40
33 42
33 43
33 44
33 47
33 49
33 52
33 54
33 55
33 57
33 59
33 60
33 61
33 64
33 66
33 67
33 68
33 69
34 35
34 38
34 42
34 46
34 47
34 51
34 53
34 54
34 59
34 60
34 61
34 64
34 66
34 67
34 68
34 69
35 36
35 38
35 40
35 41
35 46
35 48
35 49
35 50
35 51
35 52
35 53
35 56
35 60
35 63
35 66
35 67
35 68
35 69
35 70
36 37
36 39
36 40
36 42
36 44
36 47
36 48
36 53
36 55
36 56
36 59
36 60
36 61
36 63
36 64
36 68
36 69
37 39
37 41
37 43
37 44
37 45
37 46
37 47
37 48
37 49
37 50
37 51
37 52
37 54
37 55
37 59
37 60
37 61
37 62
37 63
37 64
37 69
37 70
38 39
38 40
38 41
38 44
38 49
38 50
38 51
38 52
38 54
38 55
38 58
38 60
38 63
38 64
38 67
38 68
38 69
39 40
39 42
39 44
39 45
39 48
39 49
39 51
39 52
39 53
39 56
39 58
39 63
39 68
40 41
40 42
40 45
40 46
40 48
40 52
40 53
40 54
40 56
40 64
40 68
40 70
41 43
41 48
41 49
41 50
41 52
41 53
41 55
41 60
41 62
41 66
41 67
41 69
41 70
42 45
42 46
42 49
42 50
42 51
42 54
42 55
42 62
42 63
42 66
42 70
43 44
43 45
43 50
43 55
43 56
43 59
43 61
43 63
43 64
43 65
43 66
43 68
43 69
44 45
44 46
44 48
44 51
44 52
44 54
44 55
44 56
44 59
44 60
44 62
44 63
45 46
45 48
45 49
45 50
45 53
45 54
45 55
45 58
45 60
45 66
45 69
46 47
46 49
46 51
46 54
46 55
46 56
46 57
46 58
46 60
46 63
46 64
46 66
46 67
46 68
46 69
47 48
47 50
47 51
47 54
47 55
47 56
47 57
47 58
47 60
47 62
47 64
47 67
47 70
48 49
48 50
48 52
48 53
48 56
48 58
48 63
48 64
48 68
48 69
49 50
49 51
49 53
49 57
49 58
49 64
49 65
49 66
49 68
49 69
49 70
50 52
50 53
50 55
50 56
50 57
50 58
50 63
50 64
50 65
50 66
50 67
50 70
51 52
51 56
51 58
51 59
51 62
51 64
51 66
51 68
51 69
51 70
52 53
52 55
52 56
52 62
52 63
52 64
52 65
52 66
52 67
52 68
52 69
52 70
53 54
53 59
53 61
53 63
53 64
53 65
53 66
53 69
53 70
54 55
54 56
54 58
54 64
54 70
55 58
55 60
55 63
55 64
55 65
55 66
55 70
56 58
56 60
56 69
57 58
57 59
57 60
57 61
57 64
57 69
58 59
58 63
58 64
58 67
58 68
58 70
59 63
59 64
59 65
59 68
59 69
59 70
60 61
60 63
60 65
60 67
60 69
60 70
61 63
61 69
62 64
62 65
62 67
62 68
62 70
63 64
63 65
63 66
63 67
63 68
63 69
64 65
65 69
66 68
66 70
67 70
68 69
