1 2
1 3
1 100
1 99
2 100
2 3
2 4
3 4
3 6
4 6
4 7
5 25
5 6
5 7
6 64
6 7
6 8
7 9
7 90
8 9
8 10
9 10
9 11
10 11
10 12
11 12
11 13
12 13
12 14
13 71
13 14
13 15
14 35
14 15
15 17
15 16
16 17
16 18
16 31
17 18
17 19
17 75
18 28
18 92
18 20
19 20
19 21
20 76
20 45
20 21
20 60
21 43
21 22
21 59
22 23
22 24
23 25
23 24
24 25
24 26
25 26
26 27
26 28
26 91
27 28
27 29
28 29
29 30
29 31
30 31
30 32
31 33
31 67
31 41
31 53
32 33
32 34
33 34
33 35
34 35
34 36
35 36
35 37
36 60
36 38
37 38
37 39
38 96
38 39
38 40
39 41
39 40
40 42
40 84
41 84
42 43
42 44
43 44
43 45
44 45
44 46
45 46
45 47
46 49
46 98
46 47
47 49
47 50
47 80
48 49
48 87
49 51
49 52
50 52
50 53
51 53
51 72
53 54
54 55
54 56
55 57
55 56
56 57
56 58
57 58
57 59
58 59
58 60
59 61
60 61
61 62
61 78
62 64
62 82
62 96
63 84
63 64
64 65
65 66
65 67
66 67
66 68
67 68
68 69
68 70
69 90
69 70
69 71
70 71
70 72
71 73
72 74
72 80
73 74
73 75
74 75
74 76
75 76
76 77
77 78
77 79
78 79
78 80
79 81
79 80
80 82
81 82
81 83
82 83
82 84
83 84
83 85
84 85
84 86
85 98
85 87
86 87
86 88
87 89
87 88
88 89
88 90
89 90
89 91
90 92
91 92
92 93
92 94
93 94
93 95
94 95
94 96
95 97
95 96
97 98
97 99
98 100
99 100
